49
9 45 8
24 24
42 1
13 41
22 27
14 9
48 24
47 47
38 39
26 43
9 1 2
5 22
34 7
1 28
8 29
24 9
5 47
2 5
11 42
26 38
7 36 1
31 32
33 20
20 8
15 20
10 17
24 33
2 33
5 30 5
16 3
50 20
2 2
24 12
45 1
1 2 1
37 34
7 21 7
38 31
17 10
42 36
35 25
39 17
11 20
8 26
3 8 1
26 11
20 37
5 20
10 8 7
26 41
25 47
46 13
29 12
24 20
49 8
46 38
25 7
7 34
34 31
1 31 1
3 50
5 10 2
34 17
28 11
10 5
9 5
19 37
8 42 3
17 49
2 6
25 10
12 9
44 45
1 24
2 4
25 46
3 46 1
29 26
42 40
30 50
4 48 3
14 41
45 32
39 46
37 14
6 50 4
1 44
22 24
46 27
48 43
39 46
24 20
1 17 1
2 16
5 1 4
20 41
48 1
31 46
39 44
1 38
7 1 5
41 26
31 17
23 23
8 18
48 27
40 16
37 43
2 43 1
37 12
35 35
4 16 2
2 11
34 40
28 34
25 18
1 5 1
35 29
3 5 2
21 44
44 10
39 27
2 33 2
16 18
50 29
5 31 3
45 14
22 22
49 46
41 9
2 29
5 30 3
49 8
44 45
4 3
33 30
6 15
3 21 2
44 2
18 24
34 13
9 7 8
39 4
27 49
5 5
44 36
29 42
46 22
36 49
26 20
28 32
7 23 4
20 18
7 38
42 40
2 32
48 37
21 1
15 19
7 21 1
43 50
6 38
21 43
38 49
13 15
30 49
39 35
10 7 2
9 50
33 10
31 31
47 3
33 13
24 40
34 35
34 33
42 23
3 35
10 1 7
26 32
47 15
19 18
23 12
27 22
44 38
4 26
34 7
11 49
30 2
2 16 1
14 8
9 18
2 18 1
40 43
4 38
9 22 1
31 33
31 2
29 19
8 6
4 14
16 2
45 17
33 12
3 48
9 11 3
12 30
36 1
23 39
40 33
13 45
16 45
27 17
25 47
26 31
3 39 2
6 35
15 41
47 17
8 17 8
3 29
9 40
31 31
31 21
16 43
17 31
37 45
49 12
2 25 2
46 15
41 1
2 5 1
48 24
29 14
3 33 2
11 25
25 44
5 47
9 47 6
41 35
9 39
48 2
15 41
47 30
32 48
31 38
38 30
11 18
5 13 3
39 24
27 15
19 33
13 29
29 27
9 15 4
9 13
39 24
3 35
5 36
32 35
24 22
16 36
41 10
49 43
10 24 1
16 44
3 28
22 33
6 40
48 43
48 12
31 21
14 15
25 2
49 11
7 20 3
12 10
38 12
5 39
35 27
5 28
30 34
1 14
2 40 1
34 40
24 16
10 40 2
37 41
30 49
17 1
27 30
13 16
42 17
4 28
43 10
8 24
46 8
8 37 2
50 20
39 24
37 50
13 18
36 5
48 35
23 48
11 2
10 26 5
28 31
23 21
43 32
46 38
39 33
24 38
35 45
28 8
31 28
22 48
3 26 3
49 48
47 11
1 6
