26
3 15 2
13 43
6 3
34 16
2 40 1
10 48
11 30
10 29 3
23 40
44 49
32 44
44 39
4 18
7 29
20 22
29 35
14 37
39 49
2 42 2
2 1
37 14
1 27 1
23 1
4 19 1
16 14
45 6
18 14
12 48
3 35 3
19 50
15 7
49 18
8 40 7
1 27
35 31
5 29
5 7
12 25
8 29
41 4
34 10
7 48 4
1 34
37 20
34 3
26 34
22 26
23 43
26 1
9 8 2
7 14
14 20
39 21
1 29
26 34
40 42
33 48
42 17
35 11
2 39 1
35 11
16 9
5 41 2
33 48
18 41
13 31
10 1
3 12
1 28 1
20 19
10 20 3
48 6
25 49
44 13
35 6
30 46
10 20
7 42
19 24
34 32
7 44
4 9 1
17 37
2 36
7 34
7 21
1 12 1
30 8
10 16 3
40 11
23 11
19 16
30 43
50 13
1 45
46 9
1 14
47 5
2 6
8 8 8
20 20
23 1
27 33
17 41
24 29
13 34
48 29
15 42
8 29 4
24 27
50 24
40 47
28 41
4 17
49 29
37 20
2 37
8 36 7
38 9
34 3
44 31
31 11
22 10
39 13
33 15
14 8
7 12 5
47 15
2 47
44 40
16 47
27 15
32 31
3 42
6 7 5
46 37
47 19
48 36
33 32
2 47
39 8
10 26 7
25 30
3 20
19 21
16 47
37 49
30 41
40 45
47 26
43 35
23 13
2 10 2
13 13
44 4
3 3 1
29 29
10 33
48 29
5 15 2
42 13
6 34
4 3
31 32
47 15
