78
5 48 3
37 43
3 15
9 19
43 15
41 32
7 14 1
17 12
4 49
9 40
43 42
22 35
33 28
29 30
7 33 7
9 22
21 14
38 29
32 30
45 24
11 11
37 17
7 1 6
27 9
12 21
50 35
6 32
14 34
11 20
18 40
9 39 9
42 28
39 25
7 33
49 17
46 37
36 24
37 8
3 45
21 23
7 7 6
30 21
13 43
40 31
32 20
21 43
11 1
31 38
7 16 6
26 13
24 13
36 13
20 40
7 42
13 5
48 42
5 18 5
29 10
37 10
29 9
2 42
9 35
9 18 4
16 43
14 39
5 1
1 26
41 10
17 3
16 16
46 2
34 50
10 45 8
39 23
47 43
14 7
29 42
24 32
7 18
45 48
24 47
50 49
37 9
7 41 2
33 37
28 18
38 8
12 28
48 36
24 40
50 32
10 43 8
1 2
25 47
49 1
44 48
49 32
9 18
23 35
2 11
12 21
50 19
2 27 1
19 2
8 18
4 30 1
43 30
14 17
29 12
17 22
9 18 6
19 37
29 3
38 39
15 8
41 35
41 17
3 11
21 11
29 4
10 41 8
21 4
14 49
17 33
22 27
2 27
46 40
5 50
27 46
16 36
36 1
8 4 1
38 24
15 18
29 6
10 26
29 15
42 29
31 26
1 10
9 29 3
18 35
6 46
32 22
31 19
22 10
23 26
49 48
41 17
29 46
6 4 2
43 47
3 23
22 5
34 2
35 40
19 21
6 14 3
17 46
21 38
5 45
15 4
45 5
22 23
3 47 1
28 41
25 32
14 48
8 49 4
22 39
20 43
34 34
47 50
29 19
39 36
14 3
41 10
8 12 6
12 10
9 39
1 35
21 16
33 8
14 34
32 2
3 24
5 38 2
36 19
40 24
4 3
27 46
12 36
7 45 1
16 4
37 16
40 9
33 24
19 47
7 50
50 12
5 35 1
46 22
21 35
46 26
40 24
21 3
1 27 1
9 45
3 45 2
42 6
45 18
24 41
6 23 2
37 47
26 40
44 48
10 28
45 36
19 18
6 22 4
35 21
36 29
23 32
40 16
37 34
33 10
6 9 4
16 47
30 43
38 23
40 48
3 34
35 21
3 42 2
30 26
14 17
6 36
1 46 1
37 31
8 49 5
48 30
24 45
12 16
34 36
8 33
38 41
17 9
44 11
2 25 2
16 44
44 3
4 39 2
30 21
46 28
27 43
10 50
9 23 5
25 8
25 7
48 17
24 6
12 34
9 37
21 26
30 14
31 25
4 38 4
25 35
34 3
30 45
5 20
7 22 5
24 46
1 23
14 26
30 26
9 39
12 31
16 43
7 46 2
50 36
22 24
22 7
29 1
1 33
21 17
4 16
3 1 3
15 14
41 45
39 1
5 2 4
50 46
30 48
14 29
33 36
5 4
2 33 1
45 15
29 11
10 44 5
22 12
22 35
4 18
26 7
2 29
40 3
25 19
2 38
49 36
25 5
2 19 1
48 13
3 28
5 24 1
32 45
34 3
32 38
20 7
44 23
5 35 2
11 5
29 49
5 14
25 10
5 43
8 4 3
3 31
34 26
2 15
23 37
17 4
24 38
12 19
12 46
3 38 3
9 18
9 14
32 33
3 38 1
22 42
36 24
22 19
2 25 1
26 12
1 29
5 40 2
6 1
39 8
41 47
17 8
5 32
1 40 1
29 17
5 20 2
1 43
23 4
18 5
29 31
6 9
7 47 3
22 48
38 32
40 35
50 47
41 31
38 30
36 18
6 12 5
50 12
31 22
17 50
28 45
30 35
5 47
2 4 2
31 44
49 20
8 50 8
18 30
5 50
15 22
45 27
10 46
40 43
19 7
42 49
3 22 3
8 20
16 13
37 46
6 38 3
35 37
33 5
19 39
4 33
13 50
11 22
8 1 4
16 9
8 14
11 31
49 20
50 14
33 38
12 40
27 26
5 14 5
29 32
49 34
16 11
33 27
34 30
9 50 9
37 9
13 47
41 11
17 42
27 1
29 38
40 8
15 16
23 25
4 6 3
29 21
35 12
49 20
43 27
1 42 1
29 5
2 21 1
28 12
45 30
3 32 3
50 47
37 22
23 32
7 47 2
49 33
24 48
4 18
24 25
10 37
5 16
48 26
4 27 1
29 8
31 10
28 30
8 14
1 32 1
29 28
8 28 4
33 25
16 50
48 40
11 36
46 28
33 21
12 11
10 40
8 40 1
46 22
11 11
24 42
8 3
20 17
32 33
49 6
48 1
5 39 3
41 35
41 25
7 4
38 18
43 5
8 45 4
31 5
13 4
47 22
6 18
39 37
2 39
44 50
41 1
10 4 3
26 46
17 35
49 4
2 43
11 11
37 12
41 44
26 45
42 48
2 9
8 41 2
28 36
11 21
36 3
26 28
30 21
47 14
21 2
18 13
2 28 1
26 21
44 1
7 35 3
18 45
39 10
7 19
46 19
39 33
21 14
11 1
