44
2 16 1
28 18
49 28
1 10 1
12 10
6 22 2
34 49
9 34
30 15
23 8
17 42
31 20
5 21 1
20 43
43 32
22 13
32 49
43 41
7 4 5
2 27
36 37
25 44
21 6
10 43
13 26
36 45
6 10 1
23 31
7 16
12 31
28 43
29 22
35 17
7 36 3
3 21
7 29
17 27
34 28
21 46
4 8
40 1
9 6 7
49 15
40 10
45 17
4 25
38 38
42 14
25 11
18 48
17 46
4 43 3
43 15
26 46
22 17
48 40
3 23 2
39 12
49 33
29 2
7 18 5
48 34
18 11
1 15
27 47
30 22
27 22
36 5
10 10 1
19 49
45 41
39 33
3 39
17 33
43 24
2 35
23 35
2 33
38 18
2 34 1
33 12
21 18
6 42 1
39 10
28 33
1 18
18 5
8 34
39 50
9 40 5
34 25
38 18
12 8
29 47
6 11
10 28
31 26
21 9
16 31
8 48 3
7 17
39 15
3 27
16 13
16 2
46 42
42 16
5 49
4 3 2
7 13
34 39
40 4
49 5
6 37 6
20 45
21 8
9 25
36 27
37 4
28 33
5 19 3
2 19
43 4
25 1
18 10
39 7
3 38 2
1 26
17 20
20 39
8 31 5
13 7
49 18
36 33
13 7
32 16
25 25
19 1
27 39
10 16 7
23 5
10 25
32 26
44 3
16 23
33 28
38 41
26 5
29 11
19 35
2 34 1
18 5
12 45
3 21 1
39 45
16 50
19 47
5 13 1
42 37
36 19
24 28
47 29
6 7
9 42 4
33 3
16 39
14 12
31 36
23 21
31 38
21 49
36 47
13 36
9 2 4
9 25
49 5
5 6
13 4
48 13
38 50
30 26
15 41
8 50
3 28 1
2 50
33 37
49 47
4 37 2
47 47
23 47
4 29
2 16
2 49 2
21 50
9 46
6 1 5
18 15
33 49
16 32
33 4
30 30
28 18
7 26 3
1 22
20 32
23 35
13 24
17 34
25 25
31 43
8 34 8
42 16
10 8
49 45
13 31
24 42
50 2
17 16
5 38
5 36 3
22 48
38 38
33 14
14 16
6 41
9 17 2
16 29
44 14
23 6
46 46
48 46
49 14
11 3
4 46
38 18
7 38 2
4 22
18 19
37 24
10 37
42 46
2 20
39 18
2 44 1
39 41
8 38
7 19 3
10 16
30 27
32 17
33 37
40 50
5 27
25 16
3 17 3
17 38
49 36
30 43
8 20 5
8 9
41 26
49 2
41 30
28 24
48 12
10 37
12 16
3 38 2
28 6
44 44
44 43
1 25 1
28 44
1 35 1
14 12
3 15 2
34 45
29 31
6 40
