1234
54 32
2 0
2 0
22 6
14 8
38 36
24 2
19 6
111 89
35 22
29 25
114 71
100 7
90 36
38 17
110 99
108 5
84 55
75 52
81 11
63 59
20 4
98 52
72 51
37 4
84 42
86 12
61 7
38 16
44 4
33 6
8 5
108 51
92 72
119 109
69 55
9 2
110 55
6 1
113 50
7 2
29 25
70 43
121 16
39 7
105 97
37 4
53 9
3 0
82 41
36 13
23 22
38 17
73 17
33 1
50 35
58 9
55 5
90 24
34 25
58 18
84 57
49 17
38 12
0 0
121 35
80 3
119 54
107 60
39 23
83 6
41 3
82 80
99 20
8 7
84 40
50 3
61 13
113 26
105 44
39 26
59 2
12 8
85 59
24 20
31 17
68 67
28 26
71 28
120 74
82 43
99 79
65 41
119 87
75 38
61 60
44 4
30 3
95 17
97 62
80 75
24 11
78 54
15 12
63 4
111 89
100 7
76 24
87 9
18 17
94 10
117 18
120 58
115 96
103 11
53 40
15 3
91 20
13 9
3 2
82 34
20 9
42 25
22 4
88 51
89 23
84 61
38 33
72 3
14 10
40 39
76 62
108 104
111 46
71 41
118 42
69 10
9 4
74 9
37 17
36 5
62 53
51 37
78 27
8 7
95 5
80 51
66 62
13 1
107 68
52 39
34 6
81 46
29 2
118 90
115 67
76 15
71 29
75 49
90 39
83 55
94 45
31 24
26 1
55 33
48 5
75 40
25 21
46 22
66 21
3 1
36 8
33 5
4 2
54 42
32 0
78 26
98 25
4 0
117 105
97 9
6 1
45 26
83 80
48 8
95 45
4 2
52 18
36 21
110 61
114 77
68 35
29 11
19 0
87 56
56 15
18 13
30 18
57 2
74 52
59 37
121 110
18 2
65 10
26 22
28 5
34 30
7 4
16 7
18 2
2 0
4 0
100 15
84 60
68 16
104 68
89 71
111 69
29 24
2 1
25 8
116 52
46 45
87 2
113 107
5 3
19 5
14 1
86 76
75 55
17 5
36 8
78 46
54 51
121 7
45 33
49 40
46 32
3 1
77 47
35 5
29 10
11 6
95 91
25 1
92 51
66 11
112 41
72 55
91 38
62 54
57 45
95 66
3 2
34 29
12 3
82 0
44 7
48 46
73 70
106 91
35 32
90 45
113 60
110 86
73 15
58 12
80 68
74 15
49 14
83 34
17 10
65 22
18 11
121 24
63 39
11 5
74 69
43 37
105 83
109 30
43 16
26 18
118 54
4 0
48 4
68 15
93 8
47 31
44 6
81 45
28 21
46 41
34 29
87 58
4 0
115 70
38 23
91 31
81 51
40 27
104 53
114 77
82 80
63 40
85 62
116 22
34 8
55 26
93 54
48 17
57 20
64 42
21 15
92 11
49 42
71 15
81 15
104 69
21 3
49 5
66 0
102 23
2 0
52 33
18 10
32 6
60 14
10 1
93 25
23 8
118 10
49 15
76 53
79 16
75 15
44 36
90 40
2 0
102 87
71 54
31 28
35 29
41 6
92 16
31 6
73 6
49 22
22 2
72 33
64 12
69 7
7 6
95 16
12 0
64 5
34 2
108 88
27 3
121 20
0 0
29 18
116 96
1 0
120 75
107 0
74 54
87 73
59 11
118 12
99 0
53 48
110 85
88 44
15 5
18 11
77 29
50 2
22 16
105 103
105 62
37 18
19 9
79 25
7 2
67 53
28 23
6 4
72 16
78 33
48 36
105 45
20 13
35 32
90 62
104 86
27 18
5 1
62 26
44 22
0 0
32 31
28 2
66 20
64 23
85 84
49 40
54 49
122 67
50 12
97 93
66 37
14 2
94 93
67 56
25 6
99 76
36 8
92 54
54 25
103 25
106 6
74 49
43 10
87 45
78 65
81 0
70 13
25 17
76 6
61 43
112 104
41 26
5 4
48 41
87 58
118 110
100 47
71 47
106 74
34 6
103 77
2 0
8 3
12 1
40 10
25 21
75 6
99 35
119 80
60 22
16 7
37 6
45 9
57 50
107 54
10 5
4 2
57 34
41 29
59 47
64 21
74 10
70 38
16 3
118 38
34 24
52 19
47 29
100 21
46 31
37 1
91 40
113 52
97 39
15 1
75 52
81 66
15 14
120 54
58 56
71 56
89 39
84 56
18 16
39 8
65 14
84 43
37 5
101 100
25 22
8 7
116 4
91 41
80 1
4 0
44 29
28 6
119 41
67 48
93 85
84 39
102 7
31 5
40 15
34 8
90 43
7 0
94 55
98 12
106 56
111 60
18 14
81 9
92 83
34 19
52 2
104 76
84 33
11 3
108 38
111 22
51 32
122 35
56 13
118 109
40 1
110 22
5 1
35 22
93 24
0 0
22 7
104 42
69 39
28 16
22 17
102 68
89 14
59 31
116 54
70 55
37 9
105 84
101 78
93 20
107 45
119 71
66 13
66 3
56 52
3 0
9 1
16 12
5 1
7 6
72 59
117 64
93 91
44 1
33 26
111 17
53 35
109 21
47 43
52 11
68 64
102 2
44 35
96 50
70 29
91 72
101 27
49 27
68 33
106 20
108 92
38 19
84 36
42 5
120 106
32 6
113 73
63 30
6 0
48 14
59 2
59 29
108 70
72 26
0 0
98 58
28 9
112 110
117 41
72 70
54 15
78 26
120 24
102 24
58 49
0 0
54 25
60 57
75 6
20 8
18 6
43 18
11 1
81 6
70 11
34 18
68 51
114 0
39 28
7 0
101 35
115 43
61 49
67 63
60 34
81 36
70 13
47 24
120 15
43 21
105 61
24 4
39 19
122 14
102 15
70 38
72 57
76 44
120 41
110 6
70 54
12 11
32 13
19 15
70 10
16 8
103 48
23 3
99 85
18 16
72 50
121 107
33 21
118 73
95 13
87 68
93 25
23 17
41 3
74 37
68 5
84 55
51 39
31 22
50 18
25 10
101 6
63 30
18 8
85 31
83 79
120 102
32 9
98 57
106 100
105 94
60 46
62 43
14 8
58 56
27 9
26 0
69 3
103 61
111 102
122 74
36 11
45 42
59 29
105 87
76 48
13 5
117 116
44 17
53 31
115 60
68 12
48 44
28 9
22 14
95 72
7 6
60 53
39 36
79 16
82 73
30 10
88 48
55 40
76 40
117 113
28 23
7 6
76 1
105 37
14 0
40 29
48 33
37 21
61 42
30 21
68 31
122 40
4 3
5 0
82 40
69 35
61 15
107 14
74 27
76 69
87 73
29 24
101 83
20 7
102 24
22 14
73 2
43 38
76 28
121 35
90 13
109 93
63 33
6 0
103 102
22 6
39 19
79 73
38 14
99 9
113 44
28 2
64 34
62 11
40 37
59 13
91 65
79 3
59 2
9 0
88 27
26 2
3 1
65 40
46 12
103 3
3 2
20 8
0 0
2 0
41 24
27 16
74 45
5 2
96 94
34 2
56 3
82 62
112 92
88 87
31 15
54 52
96 81
8 3
63 7
52 22
116 49
73 72
73 11
13 10
10 2
101 91
119 88
89 81
88 11
60 44
25 17
107 56
98 70
82 38
2 1
63 48
91 16
26 0
98 54
50 16
93 38
94 0
52 7
118 71
79 16
57 48
11 6
22 11
76 61
67 7
36 32
37 7
27 23
51 14
109 55
111 11
50 24
9 3
26 3
119 103
23 0
49 43
14 9
106 28
97 57
89 76
64 47
21 7
30 21
94 76
51 14
59 42
47 38
0 0
74 37
39 36
59 47
69 23
27 0
40 33
35 31
4 1
76 62
72 51
1 0
101 97
116 50
40 5
28 15
14 1
22 13
41 40
109 78
15 11
48 38
95 58
110 83
12 10
112 47
71 42
26 0
14 12
73 10
33 30
84 18
43 21
64 53
107 19
115 50
107 11
99 1
44 25
98 10
33 26
103 26
41 7
116 76
69 39
31 30
7 0
113 80
18 6
98 51
25 24
45 4
50 7
52 45
114 88
33 3
78 63
48 33
107 31
96 23
28 16
76 64
39 35
49 0
41 24
102 97
77 47
39 10
9 4
62 29
38 23
67 34
72 53
34 15
77 39
110 98
11 1
103 35
93 32
27 7
96 9
41 9
117 36
98 45
11 4
90 89
95 75
87 10
70 40
21 16
48 0
12 8
78 8
29 19
65 62
23 0
105 39
52 32
108 73
24 18
27 6
90 19
69 63
51 47
95 77
4 0
44 28
122 74
53 11
90 17
4 0
120 25
99 18
6 4
40 32
44 18
22 21
74 6
108 2
28 11
117 16
20 3
13 11
80 24
90 27
24 19
82 65
1 0
35 1
105 58
38 37
106 93
81 46
114 1
102 39
67 17
59 18
55 4
27 8
58 21
24 16
89 14
24 9
4 3
18 17
98 27
99 34
79 36
102 53
88 3
96 38
18 11
40 15
24 18
50 25
106 30
85 73
20 9
3 0
9 0
96 33
120 112
28 2
94 35
29 25
9 3
11 7
78 38
64 26
83 34
25 11
108 5
101 72
60 29
72 28
45 43
16 2
39 18
81 4
15 12
112 91
34 3
14 7
95 43
55 24
70 29
84 30
111 33
24 3
87 16
80 23
63 46
95 18
104 102
32 25
5 4
106 96
64 39
71 58
76 51
55 40
85 48
86 60
0 0
110 78
7 3
42 15
110 108
76 0
83 77
41 38
55 51
62 51
47 41
85 54
56 47
102 45
94 16
86 16
39 2
50 9
121 56
27 4
71 19
38 0
73 12
30 21
62 36
62 45
115 102
76 66
77 40
91 9
95 58
100 72
90 58
21 5
39 28
37 27
72 18
62 12
74 52
114 47
105 19
5 4
42 24
65 6
57 16
8 6
50 35
3 1
55 9
112 107
117 81
46 45
64 5
52 18
121 105
115 70
61 31
41 23
122 57
62 8
60 45
5 3
19 0
92 64
77 28
53 36
28 3
100 28
47 2
28 16
80 4
113 16
62 16
84 40
58 21
118 76
100 31
70 1
52 37
115 94
83 8
40 27
64 63
44 29
11 7
120 38
13 0
72 42
62 18
57 51
62 50
79 35
95 33
37 25
108 104
117 54
117 47
20 19
96 85
9 0
14 12
38 6
37 28
66 1
106 14
17 4
95 14
85 42
43 0
55 50
71 2
60 18
5 3
86 62
22 12
48 7
66 26
27 22
116 95
0 0
99 5
60 27
28 26
107 2
119 67
114 104
98 75
48 30
89 17
90 20
29 11
35 3
49 12
55 24
34 4
115 30
44 22
74 42
6 4
51 18
5 4
33 14
46 37
26 6
88 32
85 12
62 44
66 22
81 49
104 84
110 102
45 1
69 50
24 16
98 62
40 8
80 63
3 0
76 58
101 8
109 64
42 21
103 0
80 1
106 52
96 25
77 35
88 73
14 7
61 5
27 10
92 48
59 38
30 19
88 74
16 2
114 31
122 110
86 11
75 37
103 29
3 2
109 3
44 11
43 3
76 35
48 4
97 50
104 16
39 33
55 49
63 32
77 54
103 8
62 46
