38
17 3
10000110001110000
27 10
000100111010111010110101111
36 14
100101100001000110110011100011111101
6 2
010000
39 27
001111110011010000101001111110110001100
39 33
011111110110001100000000010000101010100
4 2
1011
16 7
1011011011001011
34 16
0000011111011010111111001100001001
31 24
0110011010011000100011011111011
47 41
00111111100101001010001110101001011000100010100
27 3
111100010000000010010010011
13 5
1000111010010
7 2
0011100
10 10
1100001111
3 2
010
50 30
00100011101010100001110110101111110111101000000100
39 22
100100111110010101111010011011101011011
48 44
010111100000100010100110100011010000110110000001
20 7
11101011000000000101
31 16
1000101001111010111111111001101
33 25
100100111001110001110000001110000
31 22
0011110011011110110000111111011
15 10
000100010001100
21 6
001010100111001000001
16 12
1110100101000101
24 19
001111111000011010000010
32 29
11000100011111111011001001010111
33 9
010010000111011101011010011100001
4 2
0110
6 2
010100
8 2
00101100
46 43
1101010001001010110010110001110000101000110111
8 2
01101011
42 40
001101110110111101010001010101111001110100
9 4
110100001
31 15
1101110000011011011000011111011
44 35
10000000110111100110001101110000100101010001
