123
5908 53172
2161 19449
7497 67473
2830 25470
3623 32607
2410 21690
11401 102609
11727 105543
6249 56241
3151 28359
11837 106533
8752 78768
4370 39330
454 4086
10238 92142
4861 43749
8715 78435
11361 102249
7132 64188
8911 80199
7136 64224
6773 60957
2727 24543
2034 18306
2807 25263
7160 64440
9797 88173
11308 101772
8107 72963
520 4680
6614 59526
4842 43578
2682 24138
4938 44442
10844 97596
9477 85293
7348 66132
9901 89109
12031 108279
1252 11268
3879 34911
11523 103707
831 7479
8249 74241
2804 25236
1897 17073
3938 35442
11519 103671
4085 36765
11070 99630
11258 101322
11221 100989
8671 78039
1640 14760
911 8199
11478 103302
11972 107748
1535 13815
10441 93969
10906 98154
2055 18495
4710 42390
3404 30636
4737 42633
476 4284
5075 45675
5041 45369
7824 70416
5803 52227
4727 42543
12249 110241
510 4590
7077 63693
735 6615
8759 78831
9882 88938
5804 52236
3524 31716
12228 110052
9890 89010
5422 48798
1968 17712
8766 78894
1748 15732
3608 32472
504 4536
4053 36477
3236 29124
2039 18351
2149 19341
1797 16173
4095 36855
10031 90279
8373 75357
12004 108036
10507 94563
4276 38484
4701 42309
9159 82431
10079 90711
255 2295
12235 110115
10589 95301
7333 65997
3797 34173
10176 91584
8042 72378
9602 86418
4527 40743
11097 99873
7147 64323
776 6984
721 6489
6740 60660
5696 51264
7501 67509
7245 65205
9749 87741
1564 14076
9284 83556
2725 24525
6534 58806
4206 37854
