3113311113
3
33113111333
111111311
311
1113331113
11333
3311
131
131131
331
31131333
1
131
113133131
11131
3131
1311
3113111133
3131111
113333331
1331313313
31311311
111333
3311333311
1
311111
3113313
11
3333133133
3311311
1311131331
1
31
1
11131111111
3133111
313313
1133131331
1131
33313
3133113
3
313333133
333331
311131
1111331113
33311331
3
13
13311
11111111111
331313
1131
3331
3331
113113113
1331113333
31133
13113133
31313
31333111
33113
13313
1331133131
3111133111
1331
1111133333
31313
31313113333
31111
1133
1131331111
13331113
3
13111113313
31131
3131
11111
33
3333331311
313
31333313
133313131
1133333
1311113
3111313
33
3313311
33313
13311331
3331
33
113313
1
1
333
1
31311131131
13
31333131
33111
33
131311
311
3333
1333313
1
331333
3133313313
313331331
11331113
3131
1
133331111
131131311
11133
133113333
3333111313
31311111311
333
1113
333
331331333
3313311113
333331
13333111133
313311
11333111331
31
13333311
3131131
33311113333
313131313
1
31313313
1
1
11333
13111131311
313311
31113
1333113
13311
1131
133
3
3333131333
33131
33
331
31131313
1133
311133
1311
33133
331333113
3131333
11331313
113333111
11133111333
3
31
1131131133
33313331331
133311
11
311111
3
31333111131
31111
311331
13131
13131
313131331
3131
13
133
31133133311
331
111
13
133311
331333
13313
311
111333331
111331
1331313331
3133
31113313131
1113333131
111333
113
113313
11
1333113
11
3311
1133
31311311
3111333
3313133
11133
1
133
33113
311
1
33
11
1113
33133311113
31111
133333
3113313111
31131
11
1131111
131331
11131133
3333
311311
113113
31311333
113331133
313
1
13113133
33111
13111313131
11311111313
33133111
11131
111311
1111
1131311
131113
111
1113313311
11131113
11311113113
3311313
1331111
13113311313
31
13311333
31331133333
31311113
3333
3131
11331313
331
33333333
11
131331
31133
31311133
11
333133111
31111
11131333311
1331111111
1311313313
331111131
133
13113311
13331
13313
131313
311
3131
3
1
3133
11311313113
331313111
31131133
3133133
3331
11111111111
3111113
3
1113
31111133133
33
333333
33
3333
333331
13
11131
33311113133
1113311
1133
33133111313
1133331133
311
1111
11131
1333
331
33333
1113113
1
13313313131
11
311131
3
133311
1311111
13311
33131313
331111131
13113313333
113111
3131131111
311
1331
133311
111
1131313313
13133113
131
313
13311
331113
33131333
1
3131113
1131113
131313313
311311331
311
133331131
113311313
333
1113113131
13333333
1133
1333113131
33
31133131
13133313333
133113313
33111
31113133
3113313333
113
11133131131
333133113
313
31333331
11
333
33
131311113
13111
31131311131
1311113
11331331333
3111311
311333313
1113331133
31331311
33
31113113
11133111
131311
1
3333333313
31331311331
11131
3113311133
3313133
1313133111
31313313
311131313
33111131131
3
3
31
1
13331311
31
3133
3
333111
311131
333111331
11333111
313
333
3311133133
131133333
31
11
33131
31313
13111131
13
1111
13133333
31131
11311
131
331131
11133313
311311131
3311133131
11313
3111311
311133113
113313
13
1
13131331
13
3133
131
133333
331313
1113
11331111
3113131311
33
31111
33
311
13331
31311
13331331131
13333111
333133
31313133
131331
3
111
13311131111
1331
31
31113311111
311
1331133
11111333
131331
33
131
31331
113131
1313
3
33111313
333
1133133113
1
33
133
3311
3131
1133
313331131
3111333333
13
11133
3131311111
3333131
13
311
1113333331
31311
3333133313
11
11131313331
311313313
3111311
1
11
13
31133333
13
113311331
31331331
1113
133331331
11113311333
1113113113
31133331331
13333
1333313333
311313331
333113
3113
3113133331
3313113333
331
1
13331331113
1333111
3331
1
1
3113333
133111113
131133
3133131333
31333
11111111
111131113
13333
13313
1331333333
33
3311111313
11
133113
31113333
311131131
13311313
1131331111
331133111
111
1131
331133
333333
331131
1
111113331
313
3113131
1331111131
3113313331
133
13
11333313
11331
33331
3133
131313331
1113311
13
31
13
11
11133111311
311
31133331133
33313331331
3131331131
31131
1333131111
31
1133333311
3131131313
33133313311
331331311
3131
311331
13113133311
33
133331
3311333311
11113331
1331113
33131131
133
113111311
111111
313
311111
3
313111
1133133
3331
111
31
33111111
11
13311133
1133
1331113
3313313133
13133333311
113311
131113133
1313331111
111
13113
11
11133313113
33
3311
1
13
333331
11333
31113333333
3
133311113
1313
1111
13133311131
33
333311
111313
13
13131331131
1333
113
1313
311331
33313331
133
1111
113133
333113
3
11133111331
3333311
31
333313
3333313
1
11113
33131131
13131111
3331
31113
3311331333
31113313
3113131
33331333113
333313
3
3
33333
3111331133
3111133111
13
1313
3113133131
131131311
131
31333
131
333333131
331131313
1333111
3131113331
31313333133
3
31113
33113
31331
131311133
333
3
11311
131
113113
31131311
333
3333333
3333
13133331133
31133311131
1331
1313
3311
1
1
31313
3111
1333313113
11113313111
13
33313
333133
31131
1311111133
113
1333133311
111131331
3311111
31
1
1111311
111
11331
3333331
1133
33133133
133133
3113
1
1111
3333331111
3111
33313131
11113
1133333
33113
13
1
13331331313
111
331
11313133331
13311
33111111
11131113
111
31333113331
31113313
33331
11313
333
33313
3
13313131
311111
113333311
1333
331311331
31
31331
131131133
3331311
3
1311331313
311
11333311
11131111331
11133111
31113331
3111
1111
3113
111111
3
1
313313
13313311
131131113
111
11
1333331
33133
31
3131111133
33
313111
3333131
3333333
311
3131313
111331
13331
1133333
333
33
3133
3113111333
1333111
11
3311113
33
313333
1
1311331
3
11313
311133313
311333133
1333
3131
3333
3313
11113
3311
31
113133
1131
133333
33113313
3
31311331
3331
13131313
1113131311
131333
1313333
3133313
3
1333113
1
13311131313
1113131331
133131
1133113313
31331113131
11131
313311
1111333311
11111331
311131
31311
311
33311313111
3313
1113311
31331331131
331
3333311
111131
1133311
3
333333111
31111
113113333
1333311133
13
313313
11311331
31313
33
11313113333
333
33
3311
33
11311313
133
11313
333
1
31113
131
11
3
311
111
11331133
331311
3
131
3
33
1111
1131113
3311
13113
133111111
311333331
33333113113
31331313333
1313133311
3133131
1
1113131
33311
13313133
11311
1111
3
1
331131
33
3
1113
11311
1
1131111
111331113
113333313
333
11111113111
1111111313
3
13111113
13111
311331
333131
131
1111131111
3113
3133
111333113
13313111313
333111333
1333333131
113333
31113311313
131
133111111
3333333333
1
111311
313
131
3
3311113
33113
331131
1113333
311133
313
313131
31133
1313131313
31311311331
31111333313
1331313113
1111
1333
33331311133
1311111311
331311
33111133311
313113113
111333333
133311131
31
11
3111313311
331
3331331
1131131131
313
3311131133
33313313331
3331333
3113133
1111
31311133113
133311
11
11131311
3
3133311131
13313111331
1
3
331331
13313113
333
3
313313
3113111
113333
31333111133
1333
3113
13111133
313133111
333111
3131133311
33313113313
31311331
333133
33111331
331111313
113
311
1313133
3133331131
11313
333
3111111333
1113313
33331
11
133
331331
3
13111331113
311113
31311333131
3331
331333113
1311111
13
131
3111
1
3111311
3313
333313
11313311
13111111
3313131
3111311111
31
331131113
33113311
11111111131
3113313311
3131331
311333333
13113
311311
3131
1113331
1333133131
313113111
1131113
133333111
1
133333333
1
3313333
311
31133
133311
331
3331
3
3
11131
313133
11133313111
1111311333
3331311331
1311111
1331313331
1
13331
1
13
31
11131313
1133
1331111
113111311
1
13311311131
133333331
31331311
3313331
1333111
11131331
11111131133
3
11131333
3113
3
13
31133131
33131311111
31333
11113111
131331111
313311
13311113
3313311
331311
31
133133
331311
1133113333
333113131
1331333
3133333311
13133331311
31
33111311113
331
33
3
11133
113331
3131
1133333
1333331113
1
1111
313
333
3331313
33333311
31131131313
11
33
13113
31113
111111131
313313133
3311
311131111
1133
313113311
331333313
313
1133111
3
13
331
11313
3331
3311113
133313
13
131
111
331313333
31333133133
311113
131133
3131313
11331
13113111311
11
1331111
31
33
31
31113
11
3333131
13311113
13313
31311
13113111
313
133313333
331311
133131131
1313313111
13
333131
3311111
3331
3311
113111
31311313
131113133
11111
3133
11111
313111131
3113
3333313
31
31333111113
3311333
1133133
133331111
333111313
313331333
3333113
3131311313
31313133
1133
1
33111131331
33331133313
13133111311
1
33133
3133311
13113131
31
33
313
33331113
1331331113
33131331131
1111
1331
11
31333311
133333
3
131131
111113
13311111
3131
1111313
3133
111113
1333131
333333
111333313
1333
1311113
11
3
333333
111113
3111
3
1
11
1
331
13331
331133
1331111
1113
311311
1111
33
1113133
1111131311
33333
33331133
131
311331
33131311133
313331
1331
1331
313331
133313
33131
313331313
1313
333
1313
3
333113131
13333313
11113
313
31133131
11111113
11131
331
3133131
1313313113
3313
333
3
1133333
3313
1331
31311331111
33131
13331311
1131333
111131
1331111
331113
131
3331133131
31133
33311111
31131333331
131113131
13
331
3311
11
3311311
331131111
331333333
33311333333
11111111
313333111
11311
31133
33333
11
31113313133
1
13313113131
3133
33331
1333333331
13313333
13131311113
11333
113113311
13313313113
31331
13311
1111
113333
13111333111
1111113
131333111
3333
3111
11331331313
3331131333
31
13133
313131
11313
333
111
131133111
13
11113313
3111
13
3333
313331
11311
33111311
31133
3331333
3
13133113133
33313
113333331
33311133
3131
1
1313311133
113
11111
31
111311
113131133
3111313
1313
3313
1
3133
1
1111311
3113113
31133331111
1113133333
33
133313311
31
1113
3133313131
1333313131
331131
333313
31111133
111113
333333
31
33313113313
3311311
13313133
3
313331313
13133111311
113
311
131113
3131113333
31313311
1311313
11311111133
3133
3131331
1
3133111
133331133
3
3131111
113111
113
31111113131
131333
133333313
113
1313313311
31
33333
1133333
3131
1331
11131113
31311333113
13313331
313333
313
11
11111331313
31133
3113
311
3331333311
13331131
133131113
31133
1
3
1313133313
1113333
11311131
333313133
13131133
1131313311
111
333111
1313311113
3
131333333
3
111
1
13
331131
1
11
31
133311331
3111313113
3
11
331311133
3133133
33113313111
33331
3131
3
1133
1131113113
111331333
31313
11111133
11311111
333
3131111
1111313131
1311
1
333
3
11133113
13131
11
1131
113313313
311333
3311333113
311313
11133311
333111131
11
313311
3313
31331
33131333
3
31133131113
331
131313333
31313
113111
1131311
1133
1311331331
3133133113
3331133331
31111
31
313113113
311131311
11
1113313
313
11333111
1333
3311311
3
13
3331
1113
133113311
1111311313
31113111
1131
131
33111131
13331331
1131
333131
33133111311
131333133
31313313
33
3133313313
331133
31
113
1311133111
3
3331
1113311311
311111133
331113
3313333133
3131133
3331113
3313313131
133313
333131
1111
333311
1
31131
11133313
3313313111
11311131
333
3131
111313131
3
131
1333
113
311133333
11333
13331
333
1313311313
313113331
311
111313333
1
33113
113311113
13313
33
3
1133333313
311333
1313
1131113
13131333111
13131333
1
13113131
1
111331
33313
111313111
13333133
33313131
13111311111
3133
1313
331311133
11313313
13311131333
11133111311
33113311
311
111311111
3133311
33311311
3311
11111131
11313
113
133331
1311131
31311331133
3131113333
311313
31
1333
3
313
1111133
33133311
3
3
31133
1
3113131
133
1113
113331111
3113
3
1331
31
3133331
33
333131111
31
1311111
1333333111
33333333113
11113
311133
1131131313
11111111113
111113111
3131113
333133
1111313
13333
31313
1311333333
3333131331
33113311131
3
111333111
1113311
113333
3111333131
13113
1311
111133
3313333113
11331113113
133131
13313131
33113131113
1
31311113
1113313
3113313
131
31133
33113
31311113
13
31333111
131113313
333333311
3133
1133113
11333111333
131331133
11113311111
33111
331113
3331333
13
3313333
1311311311
31
113131
113311
31
1331131133
131333
33
3313113
1131111
113333131
333111
1313
33333331331
3333313131
131
1
33133
111133
31
31333
11113133313
31111111
33111133
313
11331113
33
333
3333
3
333113133
131333111
113
3131331113
113
3
311133
1131
113
31111313
133311
31311111311
1331331313
13333111313
1111311331
331
31133
31331313133
31111
31111133
11
131
11113113333
33111111
1331311
1
3331
3131
1331131
113131111
3333113
3311
13313
1131333331
3
1
111333133
33
113111
331111
3
13133113
31
131
1331111311
31
33331131
1313333133
13311311
313133
3
1
13
1
131
1313
111
113
1333333311
31
333
133
333311131
3131311311
133133111
31331333
313131133
3333331
3113
11113
111111313
1113
313311
331333
1
1
313313
13
13133311333
11131331113
131
31313331
1133
1313111131
13133
13111313
13
333331
31311113
31311
111133131
133
31131331311
113133
1113133
313
3131113133
11
311331313
331333333
3313311111
1313
11113133
13131
3
31331313111
313333
311
1311
33333313
1111133
111333333
13
3313131
3133
31
331
33
1133331
3331331111
3313331
3313313
1133311313
13133331333
113313
133311
31113113
3313
311
3
333331
33
3133
13111331
31
331
13113111333
11133133113
3311333
13331133
13113333113
11333
1131
131133131
31111311
113311111
13113131111
3
33333
1313111
11133
313
3333311
1333333333
3133313
33111131
313
133311
333111133
11131333313
31313
331133
31313113131
1311111
311131113
31
1131111
1111
31133131131
3
11
1133131131
1133
3
13313111
3131
331331
131133313
3133
31133111313
31133313
3331
133133
313313313
13
3
331133333
1313
111311
331
33311
1113
11
1
311
133331113
11131111
13311313313
11113113333
333
31333
13311131331
31313
33311133
11111333
111331131
3131311313
33
3
31
1111
333
13
333313331
3
3111313333
33111
131
1111
3113333311
33111
3111313
1
113333311
333331131
3131111
1
11111133111
33
131
11313311131
3333
3313333113
13313113113
33
113
3131113313
33313333133
31133333
31131331
31
31113311333
33
113333
3
31113111
1111113
113333
11111333333
33311111
131
33311133333
111
3
311311313
331311
1113
31111113331
311133111
31
313313
1333
3111133
31111
1311133113
33111333
1
13113111333
3111113313
1
11131
33133313131
11331
1333113
1331333111
133311
133313
13311313
131331113
3133
113313311
11113311313
131
13333333111
11
31
33311113
13133313131
3
333
313333133
313333
3
3133
1131313113
313
331
3131
13
113111313
1133333311
133
11313113333
11311
33111
111333313
1133
11
1133
31
11111311
3333311
33
1311
331131131
331333
33
3333
1331313113
1
1331133131
11131331113
1133113
3133311
3
13311
131133
133331133
11
113133
331133
13
1333113131
313131113
33311
1111133133
33131111
31111333311
111333
11
1313133
113133
1131333
313
33333111
313311133
133113
1133311111
11331113111
1111
331331111
111313
3311111
33333111
3333131
113133133
33111
111
113
1131131
111331131
13
311333331
333
31131131
111
133311333
1131113
33311331331
1313113
311
33133311111
3311
3131
113131
31311133
31
3113331
33133113331
3
31133313111
3
33
1
31
3
3133331
311131131
1333111
3111131
113
31331131
1113331
31
311
3313
311333
31131131131
111131
1
111
111333
13111311113
33
11313311
111
13113113
331313111
13
31331
11313311
13331333133
13331311
11
1113133
11133
1313311131
11
1
3
13111333
3111131313
11331133113
333111
33333
1111
313
31
13311111311
3131333
3
11133113
31133
33333313313
33
13311133111
13
131311
3
1311333331
31
1131331133
1333113
33311131
3
3331
1
1313
31
133131313
1113331
3333131
11113
331
31111331
111
33111333
33133311131
1
33
3311
333133311
313313
13313311
331313
1313133311
31
11331111111
1313113
33111113113
1113113
13313
1333
11
333
131331
3331331113
1333131
133
1311133
3113
33111313
3313111
33
3
3113333
131131
31113113113
31133
3111
33333
333313313
31
133313113
1333113
11
3131
13
11
113133
1131311133
1
3131313
1
11333133331
13
11111
13
1113131
313111133
11311113
333131
1131
31333131
13333
3331313333
33333113
3333131
13
13311333131
13113133
1
3133133131
3
133113
1311
13313
311111333
1333113113
333331331
1
331313
1133331131
13
3
13333
133311331
3131333
313131
33113111331
31313331
131333313
311131
13111313
1
3113313131
11111111313
1313
3311
111
3133331131
3333111
1331131331
33313333313
11
33333111113
313131133
11
11311113
3111
1
311331
1133331
113
13113
131331111
33
33133331
3313313111
1333
3333
111133313
333
131111113
333311
133111131
1313
31331111
33313111331
111133
31131313313
113
331311131
1113333
1
13313133111
31331331331
133
13331131113
3
111
11133
13313133331
33111313
13333
31131111
11
3
33113113331
3331113
333311311
33
3111133131
1331113
1131
113331111
1333311
13313
1311
13111131
33111
33333331
113
11313113
33131
3131
1
1
33133131111
13
11
131111331
3111333
313333
311
33113
311111311
1
131
131
3313333131
11311
331133
11113133331
1331111
3333
13331
311
11133
3113313
33311111
3333113313
331131
3311113113
3111133131
11331333
113
13
11313113111
3313
33111331
3131131133
1311313111
33133333
1131113131
3313
11
1
33133111311
311331
131331111
1331133133
1
33333331
1
11
3133111113
13113331
13
33311311
13311
313131333
1
313
3313313
13311313
3311
333331331
1
131
13333313
1111111
33313111111
3111
33311111113
131
113313313
31331
13113
33
1
33
3
11113
133131
31113113331
31133131133
1131333113
31
131
31333133111
11111131
3
3131
3311333133
131
31
33133311131
1311
3313133
13113331313
31
1111
1113311
13111111311
113
1131133
333
31133111111
11
3111
311
33131331333
33311311
331
11113131
1331
331
313311313
133
1113133111
131311
1331
113111111
13113113
13133
13
33313111
1131
3131133131
1311
11311
11
33333111
111
1311133113
33111333131
31331131131
3313331331
3331313
33111
113311
31
33311133
1131311
1113111311
113331311
313333
3333
31111111311
313
13
331313
33133133
131
33
31313
1113131333
313313311
13333313133
1313
11111313333
333313
33313
1313133333
13131
1111
1
3111133
1333111
1
13311311313
311111
11131
11311
1131113113
13
133
1311
13
313313
113133111
3311
13
33333
133113313
111313
1
11
1
1
33311333331
3
1131313
1
11331313333
31111
331331
1133133
3111
331113
3131
11311311
31133333313
33311
131113313
1111
13
313331113
111331333
3311
1133331
1
1131
33331333133
13133111
3313133
3
31
1133311111
13
1133313
3
13131111
3
131
31131
3131331111
3113313113
33
3311
3
3113113131
33313
13133
1111111
3131
313113
311333
3131133313
113331
3333133111
3133113331
13
13333
11111
3133113133
3333133
3113
1331
31
3331
313
1133111
13311131
33131333331
133311
11131331311
1113
31333111
13311
31
331313
131
1133
1
33113
1331133313
113
33113131131
11131
3111313
3331133
3111133113
333311313
311311
33313111
3133
11331331
11333331
331131113
111113
11333331113
13333
33131333
1331133
111
31331
1
33113131
1133333111
313113313
131
311111
1313331313
11133
331313133
13111
1331311131
331333313
13333333
3111113111
331
1
313311113
311
111
11313
31
313113
3
3311133
3333331
13133311311
3313113
311
331331
3311111131
333113
13111113
311333331
3113313113
133
13
133331133
13
1
3333133131
31
13
331331111
1
111
31113113
31333331313
1111133133
3333
311113
11
113
131
313111331
133133
11113
131133
33113113311
33131
31333
313
31
1
313331331
3
3133
31133
3133113
31313331
13133331131
113
31333313131
131311
1331333
33
11
31
1131333113
3333
3331
1331
1111
11
1113131313
333
3
33311111311
3
1313
31
331131
133311331
13131133
3133
111131131
31113
133
33311331
11133113113
3113331
1311111
133
33313113
3133113
111
1131
1133331133
331333
3133
33133
131133
11133131313
1311
3
33
11331311
1131
331133331
31133
1313311313
11111
1113331331
11
1
33
33
1
113113
1
31
111
113133
11
311
311
111331
3
331131
1331
11113133131
33331133
33333
1333333313
133113
313131311
333
111311113
1
11
311331311
11331111331
13113311
31333
13333113133
113311333
33333113111
313133
113
313331113
1131111
3
1331133
31
11333331
313
113
11313113333
31133333
3113333
3113
13
313111
113
11133131131
113311113
3333331
1133333
333333113
13131333
1133
33111313
1313311
31311131
11133313
1311113
3111331
11
311331
11
13
3313333333
133133
11113
3331311111
331111313
1113
13131313
1
111
13111
133311313
1113
13113111131
11133
1
31133131113
13131331
31111331133
331311
33131311113
333
111111333
333
31
33113313133
1
31333331
3331111
1311333131
3111131
133111131
311
33111111131
31331313
31311133111
11
31333
3311113
311
1111
311311
33
313
31133111131
31333133
3
333311
13333133
3113
111
31313331111
3
1113131
33111113333
1133
1131
113133
133333333
13333111311
333313333
111
331
131
1331
131313
3
3
3331333
311
31
33131
11
113113
3113333
1313111
311
13113
3311111131
1
13333331333
1131313311
1
3111
3111133311
33333
13
3311
3313111111
11111331113
1131
11
313111311
313
1113113
3131
1111313
133
11111
31
1
313
11111311
31133
1311113
11313333331
3311331113
3
33
3313
3333111
1
3313
333
1
1311133131
13331
11331
13131111131
113131
3
3
33
1111
33113113311
113
33311
3131
11
1331
1313113313
3
31311111
111111
1133
1331
3331
3
33333
3
3333
1333
13133313
3313
31313131313
1313111
3111
33131113
11333
31333
131
1
111333
13311
133311
13313
313
113131
31111331
1311311
133133
33331313
31113313111
1113313
311131131
33133313
33131133131
11311333
313333
11131311
33333133113
313
133
1311331
31113331131
33311
11
3111113
3113133313
33
1331
1
313113
13133
33311131
3311
131311
1113
3311333333
3
1131133311
111313131
3311131
1311
1113313
11331131
13311131
1331113131
33131131331
3133133331
31311
313131
313131
11331113331
333111133
11113333313
3331313
3
331333
11113
11133133
11
3313131
33313
31
11
11
31111333111
1331113311
1111
1313313331
1133313
1
13313333
3333
1111
1333131
13
33
3331
311133
1
3133311331
3333
311311131
113131
113
11133113331
33333
1
31333111133
1333311133
1
33
3311331
3133311
3333333113
31133331311
113333
3
31313331
3
1313
3313313333
11113
11333
31131
13313
33131311
113
1333131333
1113
313131111
1111
33111333111
111
3113313
331331
1113131331
133131133
1113311131
31133113133
13
13133133
111131313
313331
13131133313
1
1131
3131313
3133313
333111311
11313311311
33311113131
311
1131131
13333
1113113133
33333
331333313
313113
33111311
33331111
13311311313
3113313313
33333
3311111
131
1311333311
13131
1133
13
13
33131113131
13131331113
133
1133333113
11111
333133133
3133
311133131
311
333133311
3111331
31
1331
3313
31133
3113313
3113313111
333
1
13
1133131131
11331
31131333
3131
33313333133
31
3133133113
33113133111
1113
131313
111
133131111
3133131113
131
331
33131111111
13133133131
111333311
3133331
11113
133
13313111
3131
33311
11311313
31113133
31333333133
13111
311331
33313133313
113331
3133
1333
31331311
33111
11311331111
331
33113313
31
13113313
33
331131313
111133
133
3111133
11
1113133
331331
11113313311
11111113
313133
1
3333
1
3333311
1113111313
1111133
11
1333333331
33
33
1111111
31131131333
113
33
111111
133333
3
331
331331
1313311131
3
11333113111
331
33133
11113
311133313
3331113
3113
1311313113
113331
1
1113331
1
31
311
311111
331111
33
111111
11
31
33333131
31
33311111
13113111131
3313331131
131
3
3
313333333
31133311313
31331113133
113311
3311131
31311333
1331133131
331
13
1111313
133133
13133
33111331
3113113111
3
1331131313
13
331
111331
3
1
3
11113
113331
3313313
313
33131
331
111
31133
33113331113
3333111111
3313331
1311133
33331
1
311333
11133333
13
111113331
3
33131
3133
11
311131
3131
11131
13331
313
133
1113131
1131
333
111
31
33333333311
311113
33131
33
1
333331
133
31133131
331111333
133
1131313
333113
3131
3
3131113133
3
331331
3113
111
3131111
31333111133
311311
1131131131
3333
1331311131
1
331311
1133113131
33
33333131333
3331131113
3333313331
33311113131
3311333
11113131
33111
11311111
3111333
331133
31131113133
13113313133
1111
3333311333
111
311131
1331333131
1133
1131131
113311
1311333331
3131
11313
11
1331
113131
1
313113313
3313311
131
111
311133
313133313
31331131
3133111313
31
113331
333113313
33
1131331
111133
1
1113133
3131
3111331311
13113333
1333
3
11
131
133
1111131113
11131333333
1131131
313
1
1333331
1113331111
3
3
33131333
11333
133111311
313133
3
13331111
33111311313
311
13131331111
1
111
1311
11131131
3133113
3133313333
31131131313
33333
11113
3
3
1331333311
3331
13
131131331
33
11331311
1313331311
11333331111
13
11
111313333
1311333
11
1131
3333
1333111
1133113131
133133
133313331
331331311
131
333113311
113331
1311113113
13331133
33333
311313133
31313
11
31333
131313131
33
1111131
113
3311311111
1131133333
331
133
13
133
133113
33111113331
3131333
3333
11313311111
1331333
1313311
3133111
311313
31
311133311
1313331
31
3111331
333
3331133
31
1
31
1
133
11311
33111333111
13
31333
31131
1133
1313131
313331
13331331
11
131113133
3313
31131313
33
1
13
3333
3
3131111
31
33333
111
1311
13
31313311313
11333113
11313313131
1
113133
333133
3113333
1133333313
33311131
1
13313111
1133
33331111
113313133
31131311331
1313
1331313313
1113131111
3131
111
33333311333
13111331311
311331113
31
31
33333133311
11131113
3331
1
1133111313
311111
131111
1
11331113
1
3333
31131
3311113113
31331133
1131
1133
33
1311111111
3331
1131
31333113313
13311311
13111111133
1
113313
131
311311331
133131311
33
13133333
3313331
3
31113133
1111313311
13
11313
33131111311
111
33331333
113131311
13311331331
1
13333313
3311111133
3111111
3131133
13
3
333333313
13
133133313
3113111
33113333
13311131
131313
131
3333331133
33133333133
331313311
1
333
131113
3
1111
3
33131331331
33
3113133
3313
3111
1
33311111
3131
11
311313131
13333313333
11131113333
1313
1111313111
3311
1311333
11
3113311
11111
1
311113
1333133311
1
1
1111311
1
1
3
11333
3311311333
33331
31111
3133313131
3311
3
1
11331131
3
331
3113313
3
31113113
333
3333133
1133331
33
333
3131313111
311111133
3311
1333
133131331
1
13313
3311
113111113
331333311
13111113
1113
33
3311113
313311131
1113133
1133111131
11311331311
1
111331311
111
31333
1333313
113113333
33
3111
1333
313133
1333331131
1311
113331113
3313
3111
331133
1331133313
111133
31331333131
13133
11313333
311
313333
1333111133
1311133
3
3311113333
13113
11331113
3
31311331313
11133113313
3311
1131311
31
33331313
11333
13113
1111
333
33311313
131311
1311
1313331113
3111
1331113
133
1131333113
3331331333
311
31
1311113113
3331
111
311
3111
11
11111311331
1131113
1333333
33333311311
31113
13133
113333
113
11113113131
111311
11
31313131133
31
31
1
11131131133
3113133111
3
31
333133
3311
33133111
31313131313
33
113313111
3333
11111313
331
1
311
3333331
133
33131313133
331
1313
33313311
1331333
33111331
333331111
333
31313131333
313
1133311
3
113
1313333113
3113
131333333
3333
31313133113
3331311131
1311133313
11313311
3111311111
13111133
11313311
1331
31131111131
31133331313
1111313
131
31113
3
33
113113
3313331311
1311313131
111333311
111311111
1
31333311
111313
133
131131133
31113
33331133111
3
33133
331333
33333111113
1313
3113331131
113
31
113131331
333133
11333311331
3331113131
131331
1113
11111313
31
311111
13331331133
33333331113
1331333311
113
13331131113
11331
111331331
3133
133
131
3313133333
11133113131
333331
333
1313
3
3313113
3
33313
113111333
11333133333
11
3111
3131131
3333131
331331131
11313113
1133313111
3
11131111
33
3131311
3133
1133313
333
3131311
31
31
111
31113
33311133111
1131
13131
3111133
111113
13
13111111113
3111113
33113331
1
333333
33313
3333313331
13111
331
1333
3131311113
31333313
11331333111
31111131
311333
1311
313
3131
1331331
1
111333331
13311133
31
13
1111
1
113113313
11
113331333
3333331111
1113
333113
331113
311
3333331331
33311311313
13131131111
133331
1
31111111
31113
1
3133133
113113113
1
131131133
3331
33313311331
1
13333313
3333113133
11311
3113311
3331113331
11133133
311113333
3311331111
113131133
13
31
1311
313131311
1
31
31113313
1113311
313
11111113131
1
1313311313
1331
311
111133
3311
313133
313331
1
11133131
31331
11313111
31111111113
131111311
113313
111111111
1
1
33131
111311131
13133131113
13
3311
11
11331331
111111
1133113
3111133
3313131311
1311
1311311
133
1333131
3
33
331333311
311
13
133113333
3131111331
31
31
313
111
3311113
11311111331
1111133331
133111
31
111113
1
11
11131331
33
1
1111113
333
3
3
3113
1311111
13311311
13111331
111
31
1311331111
313
1
11333
3333
1331111
3113111131
11331313131
3331131
133331
131331
11
131333331
33313111111
31
31333311
3
113
31
31131131131
1
3111311
11
13
131
11111133333
1111
333333333
3131133
3311131131
33311133131
13133311
313
33
13111111111
31333
1311333113
331131331
11
1311333
1
1133131313
1
33
1311131
3311111113
11
1113
3313331
133111113
333131
11313131
1311
1313333111
31331131133
1131
131113
1
3113333113
33313313
3131331131
1113333
11331113
111313333
3113133313
133313311
313113
1113113131
13111
1313311111
1331331333
3
13313
33133133
333
1113
113
3131
1
13111331311
111113
1
133131111
1
11313331
311111
11133331331
333131131
311311
1
1313131333
111
1
1131311
3111
1131313
3
113
313311
13113311
3
111
133313
313311111
3133333
1
1331313
113
313313
13111331
3131
1133313333
31
3313133311
33
13333111
3131
111331113
31313
331113
111
13113311131
133
1333333331
111111133
31111131131
3311113
1331311131
11331111
33
111131
1133133
31313
113111
333
33
131131
1333111133
3113111
11333333
13111331333
13331131
31
11133133331
33113333
1133131313
1113111
3131113
3
111333333
3333331331
33133111311
33311
1133311
131333133
33331
333133331
133113
31
11
3
1
133111313
33113
3
1
333
1
33331313
1311
31
313
33133
13311333313
13111
31331
13111313
333
1311131133
31
1313
3113311
131133113
13
3311313313
11131
111133333
311133
331311131
3133133113
11331331333
3111
3
311111131
131333311
33
333
31331111
1133
11333311313
33113
31131131311
3
11313313331
1133
1
3311133
3333
113
33133
33113313
33311113311
1
13
3
31111
33131333
3113333
1311313331
1113331313
31131133
331313131
11
3
3111
3
31
3131333111
3133311
333333331
311331133
33313331331
333111
33133313131
131
3
131331
1333
1133
3
311
3331113313
311131311
13
3131
33
33133113
11331
33133
1333
1113131
13111333313
33111113
311313
31
33
31113
11133
33313333333
11113131
33313313
3111
33111331
33
13333111
331113333
113
111
11111
3
133133
3
131311
33131311311
3333
13333
333311
33311333
13333111
313
33
133131
133111
31311
1111313133
31
3
3331133331
13313111333
1131133
1113311
3133333
3
31111
333311333
113111133
1
331111
13331333111
11311333
3131331311
31
1
133131
3333
1
131331333
1311313331
1
331113
331311
33313133
3133
333133
3131311313
31331
1113
3311113313
1
1131
33
3
1133
31313311313
3331331
33131331
11313311313
331113113
3111131331
13333313311
13
3
1111111331
1
311133
1131131
3111131
311331
13111331
33331
33133
1331
3333
33133113
3
3
13333
33313
111
131
3313333131
33111
333
1
1
3131
1311333111
33
3333311
3
313333
3
1
1311311133
11331313313
31133331331
11333131113
31111133113
311333
131
31133
113113
1313333133
3113111
111311333
13133311131
1311111133
31
11331
113
1
111113
333313
3313313
331113
11
1333111313
3113
11333
3333133
33
1133
33
111333
1313
313
1131331133
111131
1113133333
1
3133313333
3313131
3133331113
31113313311
331313311
13
33131
1113333
1
113111133
31111
31131
311
3
31331131133
1
311313311
3333313
1111131133
3313333
111333
33113313
1311
3333
11113113
33
1131311
111111333
1
3
311
3
311311111
3
3313
1
113331331
313313113
3
331
1131
311111333
133131
1313331
31311133333
3113331333
313131133
133311
33311
33311133
31331113
111
133313
133
133
1111113
13
33
3331133
33113
1111
1131
111331
33133313
13
3
3313131133
1
33111
311113313
333
11331
1131131
31
11333313
133313
3113
1131
313
3311133133
13
1133
31133331333
1331331113
11113331111
331
1333313331
31311
111
31331
11111
31133313313
133
3
31
11311311333
31
13333
33333
3133
311
31
333111313
113331
1
3113133
13111
113133313
3313311311
133111111
13
1133131311
313
1111311311
33113313131
11333131
3131131
111311
3
1131
1113
1133311
1313313313
11113
33133313333
3331331
13
13313333133
1113331113
1
31
3
3311
31311131111
3
11331113
311111
31311311111
131
33333
1133133111
33333
31331131133
1311131313
133311333
13331333
11
1133
331313
31313
31
1313131133
13131133
1
31111331
13133133
3131311333
11113111111
33
1331111113
1113313111
31133131
3
3333133313
11
1331
1311333133
1131
33
133133131
1133311
3
11111
131
31313333
311111
11
33333131111
31133
11333
331131113
3131111
133111
1333133333
33133331311
13133113
3133311111
31113
31
3311
1131
33
11131131311
3311313
11311
13331
3113
333133313
3
131111113
31
31333
3
331
13131
313
11133
13
333331
13311331
13313313
3
1
3
3311131
1311111111
1331
3113133
13111113
3313
33
333133
3333113313
131333311
333111133
31111133
13313
3
3311133
33311
31313131113
1113
331133311
3331111131
31
311313131
311311
333313
1
31111311
1
1313313
131
33333133113
111331
3
31113113111
33331
31133131
3333133131
113111
3331311131
3131
11113311
133
311111311
33113311
11
311331
33331
3133331
31331333331
31
3113133133
1133113331
13133
1
1111311113
33111131
1
13311
1311313113
113
3311131
3111
333313333
3333331331
3
1313311
33313
1111311
33111
331311
333
113331331
11311311
3133331133
13331133313
11313
3333
113131
133113
131
131133
313133
31313
3133133113
133
11131
331313131
1
13131
313331
3
11113311133
31
3
1111331
3
331
31
3
3113331333
33131
311
133
1131111113
311
3313333
1331313111
31331113311
13131313
311
11
311
1
313333
331133313
1133
3311311
13
33113133111
3313
3
313
3113313131
1333
31
333
11
3311333331
131111331
113
31
3
1113
311131
33333
11
3
1113
313333
1131111
1113311
13311
3111313113
3311331
13313
33133
331331
3131111
31
3131133313
311
1
3133
1
3133333131
1333
11131
3311133111
13
31131331113
31133333333
1311
3133
1113
133
13311
31
13311331333
1
11113311
31113313331
31333113331
311
13
1
311113
3131111
3111113331
3333113113
1133331313
33
313113
33333
311313
3113
1113
131
31131333
13311331131
1313113311
1111
31333113333
3133
11313313
11
31133
1333131311
33313
31331
3113
311333
3131133131
133
11113
11311
33111333311
333313333
33133
31133
313
3313111133
3111331133
33
11113131
3313
11131133111
3113313
313
333113313
3131
313113131
131111
1131
1113
1
31113313333
331333333
31331113313
11313133311
33113331311
113111
1131133
1331
11331113
133113313
3113331133
1
133113113
33
1113
331
331313
1331111311
31331111133
11
1311113113
1
1
13333
3333133133
3333313
3313
33311111333
13
1133311
111333131
133133
1313113131
3133111
31333313
3111
133
1
1
111133113
111133
1131
313
3311
1
1133131311
13333313
333133
3113
313
13313311133
3133
33313113331
1131333131
133
13311
31331113
3133111311
113
1
1331311133
3111133131
3133
113
3113111
33313331
113111113
111131
1131
1313
1
31131
11311
1
11333331111
331
3
31333311
13313131
113
131331111
13331
1333
3111333313
1333133
3133331311
1333
11333
1313113
1133331111
3131331
1333
13313
33131111111
3133133
313113
33131333333
3133
1331
11333
3131
13331
311131
311131131
13333331313
313
3
13133131131
31311133111
331113111
1
13113111331
31
3113333
31111
1133311311
1333313
11
13333333
31133
31
13131111
33
13131331133
313
11113
331313131
11113
11311111
11113131311
33313
11311331333
3333111333
33331311
13331
3311331
313331133
1113313
31
3311
13111
1311313
1131
11133311
113
1331333
311311331
313331331
333311
311331
1333131133
1313331
1113313
3111333111
13333
3131131
131111331
11111131
13131111
1131131
33331
311
13333
3113313331
3
3
113
11311313133
13331
1333
11333313
3133333
1131313111
33133331333
1
11333
131113
1311331113
3
31
313
1113
313
33113131111
3311
3
113
3
13311
3
13113133
3113
13333131131
3131131
13331111133
111
331
31313
33133
113113
331
3113331311
333111311
1
333
11311113333
1133313111
3313
313
333333113
33111313
3
311131333
11133111
1311313333
11111
113333133
3
3131
331133
33113133
13313331
11331311
13
11311111
31311133113
313113
3113133333
31313111
3133331113
3311133331
13331331
13
113
1313133
333111
13133333
3113
1
331113113
13311
31
131313
1331311331
313113313
33
31331
33113
1313311
1
133311133
333
1
3
11311
1331
33
1
311331
33
331
311131331
33113131331
3331
131
13311333311
1311133331
13
113
13131
3331
3331
1
331
331313331
3133111
11113313
33
311
33111113
311
333313
3311
3133
333331133
11333
3111
31111
113131113
13333313111
3131131
31
1311313331
11113113333
1131313111
131113
13
13331113113
31313313
3133133
11313
11131131333
11133331133
31311
1131
311
1313313
31
3
1311
3131
333
1133113313
113111131
13
31113311333
133111133
33313313
3313113
3
13331331313
3333113
31133333
313131
1
1
13311133331
333
131
1
313313
1
1311113331
3
133113
13311
131131331
131
1131113
1131311
1111131
31331311331
3333313
1331333
1333111133
31131313113
11311
3313
1
11313
313111131
111
31331
333313
33311
313
13313
1113333111
11113133131
1333
13313
33113111
1113111331
33
33
1113
3131
1131313
13331333331
11311111
1
113
3331113311
1311113
333
3333
3313133
1111131
331313131
111131
333
11
1131311131
3
1113111131
33313333313
1113131
31133
33
3311113331
1311
1
13113311113
311111
33133
131
31
33111111
3333
33111113313
1313331331
3
3
33
311111
1331313131
11311331
13
33
131133
133
13113113
11111
1
3313
1133
3
3131
1131333
333333
131111
31313311
113131
1133313
31331
3111133
331
1
131133
11
333
11331
3133311
13111
331331113
11313333
11331
3333311113
33113311
1113
33313
331111
33131
3131333331
33313
11311
333111
1313131
113131313
133
13
31331
3111133313
1131131
13313113131
313313
333
3113
3333311
11313311331
1133133
3111131
3131111311
31131
1113313333
13
13313113133
33
3313111
313131
11331331
333
11313
331
1313333333
331111
33313111131
313333331
13313113
3133
33113111
11333
3333
3133131111
331311
3113331
133311
331
31131131
3131
3311313331
313
1333133
113313
31333
31
113331331
11311313311
3311133
3313133333
33
3
333
13331311331
333313
313311133
1
11
31133
3331133
1111
311
1
11
11
333311
3111333
1
3331331331
33
11331
3333313133
31331133333
11113113
1133311
3
333133311
313
1
3111113311
11
1133131131
3
1311133
3311
1331331
13313311
1133331
1
31331
133
331133
133111333
3331
33313131113
31311311
13131313
11
113133
11133133
311331133
11331
3333133131
33313311113
33131333
11113333
11133313131
33133
31113313
31313
11313111
331313
33
3113111111
13133333
111131311
333333
3
3133331111
31331133
3
3
1113133
31
13
13
3
313331
31
3
13313133131
1333313
3111113
11
3113331133
3311
3333133
3
311
33111331113
311113333
11311
131311331
31
31133
11
33111
113131311
3131113
131131311
11111311
11133113
13
11113133
1111
3133333311
1
3313
13133331
3113311113
33
31313331
11311
1131131331
3111311
131111113
11113331311
33333331
1331
3113
13331113313
31113
1331311111
3331311313
1113113
1333313
331313111
31113133
33333
31131313311
11333331
133313
1133331
131131
331111
111
13131133
11331111313
3
311311
11313
1313311313
313133133
133
333331
11
3131113313
1113
331
31
131131131
11311
3313
3111311313
11
3111133313
1
13331
313311133
3331
313133
131111
131111
1111
33333111
3331
31
311311
13113111
31311333
13131
313111333
3131
331131311
13113133331
13
111313
1313111
1133
33311111
31
1311
313
1
3131
33311111331
133113
11331333313
31331313
3313131
3313113
3333133311
11113133113
313313111
111333
3111313331
13133111
31
111113311
1131111
31
13311
3313313111
1
3131331311
11131133
3333
3131
11331133
33133
133311
3311113313
31333
1131
131313111
1131113
3111133111
131
313
11331
313313313
1
13313313333
1313
1113333
131
13131111
3313311113
13313133133
333333311
13111113133
311131
1
1331313331
11311111
3
1
31133
111313131
33333133
113111311
33331
331313
3311333
3
11313311313
11131331333
31333113113
33113
3313
1111333
3
1
1113
11
1131
3333111
11111333331
3311131131
11
111133
3311
13311133
3113333133
3
11313133
313
3311111131
1111111113
13333111333
3313133313
13
13131
1313
13331
113313333
331333113
13133111311
133
1
13131
3313333311
3111
3133311111
3313133333
133
33333133
13111
133
113131
13
31333111
3
1311311
3113113133
13331311
31
33311311
3113333113
311331113
3331333331
31313
331
3131131131
13131113133
1333113131
1131113
1133
33131333
113113113
111113
1113
313
33311313
1331131
131311313
331313113
31133113313
3333313
311
311333
1
33333111113
3
33131333113
31131313
133133
3
113331133
33
133331313
1133331331
1111313
3311
313111111
1311113113
3131
131113
33333333
13113311
33113
11131333
11113
3313311111
31111111333
1133131331
133
33331131
33331111
3313
31131313313
1333311
313
1
31
1131
113
1133131313
11313
31
31
311311131
1331331
3
3131311
3
3
333311313
11333111
3313131113
313133
13313133
331133
131
313333113
1
113
13331133
111111311
13111311
13111
1
331
113
133131131
31331
31133
1131331
31133333131
3333113
11
13131333
1313131
1
3131313
1333
1313111313
3313
31
33113331
333
11111111333
11331311
13113131
11333333331
1133331
33133
13
3333111
13331131311
3311331
3311111
113
11311113311
1113
131133
3331
1133
33113313
131111
1113311
113
311333
11331
111113333
13313331131
33131131
3111133
133111
3331313
31
3
131131
1333
13333311113
13
1
313313
131311133
1131
33113313
3311333333
331111113
33
333131
1333111333
3
3331113
31313
11133311
31
133
113
1
11131331
31
3313331
33311313331
31133331313
33331
133
3331313311
13313133
31313
1133
1311133
33333
313
31
3313313
1113
3311
31113313111
13111313311
331
333
33111131
3131
33
3111
133111331
131133111
33311111313
3
333
1331111131
1313113
13
11
13131313111
311
111131313
31
131333313
1113313133
31311113
131113
33
133111331
1331311
1
113111
3311
13
1331
31313113
13113313111
1
311333
311313331
311
331131113
331
131131
131311
111333313
3
11
1
111
31331311
313331
13131
3111111113
33113
1113131
33133313313
13311131
1313313
131
13131
11
3311311
311133
311
131111313
31113133
311313311
133
3313113333
313113
11333
313333331
133313
1133
331133
131133
11
1
3333111113
33113331
31113111313
1111111
331111331
33313
1331313333
33
113333311
1
13131
13
11333131313
3
31333333
33333
313
331111313
1311313131
1311
13331111
111
13
313
13133113111
331331
13311333
31333133
31131313
313111
113
313
33331
3
11113131
1331
13133131
3331311111
331133111
13
31
31
333131133
3311113331
1
3133313
3131
11333313
1131
3
3333311
11311
1
313
33111131311
133
33131311
111133313
1131311
1333333
331333333
13113311331
313331133
1
13133133333
131133113
33
313111
3331311
131131113
1
111131
1131311131
313
3113131
113111
31113
331
3
11333131131
3111131
33113333
3333131
1133
133
31133
1313131
133
1131
131
131311311
13111111113
1131331311
333
13311
3133
33113
133
13
3311133133
31
3
13111131313
313133
3333
11313131
31313
3133313331
3311331131
311113133
33
13
311
3
3131
13111
1
1131333111
131
131331311
1133
133
311331
111131
33
3133311133
113111331
131113
3113
31131
1313
33
313
13
1133111133
1331
11333113
1311131111
113133113
33111111311
113
1331111113
13111331333
13331313
33
1331
1
3113131333
113133
3
311113311
1
3111333
1
3
1331113133
313111131
3131313133
131133
1111131111
1
313333131
313131
33113
333331
3331311
3133313
3131
3333111
11
131311133
1113
3133131311
13113111
11333313
333
3311331131
33
333133
1331131
13333
33331313
3131111
33
3333313131
1313
11113
1111
13313111113
31113
33
333
13313313
31131
3131
31331
13131113
31
111133
31311333
33
31313311
33113
11
31311131
131311
133111
33313133
31131333
131111
33131
1333131
331311111
13133333111
13331
3
313333
3313
3133311311
133
333333111
13
13313131333
3313311131
1111113
3133311333
1111331113
3313331
33311
111333
311333
3133
31
11133113
133113113
3
31113311
331113113
3113
33313133133
133311313
1
131113331
11133
11313333331
11111111113
1313133
3
1111133113
1311
11
1313
3131113
3333
13
33311
3113133111
3
1113331111
331
3113
113333333
31
331
11313313331
133111311
3313133113
133331131
3331
1311
3
1333131
3111311333
11311
11
111
33331313
131
313
31
113311
11113311
31131333
313
11
3133131111
313313333
11113
33111131
311
13131333
11113
11
3331133
3
133
113
31311113313
13133131113
1131
13131
31313311333
13
1
1
11133111131
13131333311
131131113
311
131
13311133313
1
113133113
11313313113
11
33113
1
31311
11
13331
13333333
1311
311
31111131
133331311
133113131
3131131
133111113
133111311
1113133131
333131
3331111
33
331331
13
33331131
3331331
3331111131
1113331113
113
133333113
3331
311313313
1331333
31311333
1131331
311
33131111313
33111
311
33331331
333
131131313
13111111
3
3
311131331
3133311
1131131331
111111113
13313133313
3133
1113113
3313
1113133111
3313331
313331
111311
131
1133131113
13
31
113113
333313
1313331113
11
3133
13333111
13331313313
13
13
311
31
1313313131
1333331311
3333
31313111313
313133311
11
133311
31
11311
333
3311131131
33
13111111131
3111
33
333311
13113313113
13331331
13131311
33133
131131333
13333331
1131333131
33133331
11333
13113131
13
13331133313
131331
33111131331
3331333
13
13
331333133
31
33131
1113333
111333
113131113
3131311333
133133
1
311113
1111313
3
13311333
133133
13131131
3313113333
1133113
311331311
13333113131
31113111
3133111
1113111113
33
1311311331
3313313
13313113
111
11333
113
31113113
31311133
1311
3333331133
313
3111
313133
3
133311333
1
31113111
1313313133
1111
33111
31113113111
113311111
1133333
3331331313
3113333333
31333113
113131113
11
131313131
3333131
3133311333
331
31131
3
3
313
131111311
33111311
133111333
113333
311
111
1313333
1311111311
133113131
133331113
13133
333
3333331331
33311
11113
1133311
333113331
33313333113
3331111
11
113333
31113331131
111313
3313313133
1111133
33
113
1313
331
111133133
33311
33133111
31113313
33131331
111111333
331333
1
11333313
331311
111
3
311113313
11
3313331311
111
11131
31113113
1313131
333
333
331
13313
331311
1313111333
3
31
3311
311131
333313311
3333
13311133113
1
311133
3133131
1333
3111311133
331
11131111333
113113
111311
13
3133333331
133
1111311333
3
11131
13331
313313
1131133333
131
13311133133
133313
1
33311
33113333333
311313
333
31133333
331113
3131331133
1333113331
1113
133133
3313331133
113133113
1
3313
3131
3333
31313
13333311
313
3
33313331
33133313
31133
31111
113
113313
331131
31133311
11111
311
3
313
131331133
1111
1131333311
13333
111313
3331
1
313133333
133313
13
33113
1311
1131113333
13
113133
1313311311
13313
311113
131
13333
1133333311
13313113333
13331111313
1333333
13
3
11133331
31331111
13
3111313
3133
1111
3333133131
133111113
11
33113113
3
13311333313
1331
311
3
313333333
33
113333131
3
333111
3131311
1331
11333313
113313113
1133
33113113131
113113
131113
131
313
1111
133111
1113113113
111111131
3311
31133
13313333111
11111133
1
3113
11
1131313311
1
3331
13111111331
31
133111113
3331311
311
1111313313
133
3313133113
111133113
11333
31133131
1331331
11333311
13133333313
11
13331
11133313113
11
13133331
1111331
31331311313
11
11333
3333
3113113
331331
311311
3
13
3113
33
331
13113131133
313313
13
33313
1311331131
1331331
3313111
1331313331
331333
113113
1133333
133111111
11331331333
1
11133
333
33331331113
331113133
33113
31113313
333
33113313
311133113
13
13131333
11
1331
311311
313133
31111333333
3
313
1
1131311133
13
131111
3133331131
331331
1
31
1333333
13311111311
1313331311
33
1113331131
33
13311331133
11133111333
3131313
1131131
13311313
13
313113313
33131
1131
13113
3
311
31113113
31131113311
1133
11
11311
1133333111
13313313113
111133
3311113
111
13133331
33111313
31
333313
131
3
1
3313
11
13333
111333
3311333
331
113111
3131
31113
11
131313113
1311
11113
3
13313
1
33111
1
3311
11
11133
131131311
3333
133331131
313
313333
3313
113333
1111
11133
11113331111
1111133331
1131
331311333
33311111
1333333311
1331331
13
1131331
333111133
1113
311333
1
33311313131
31
11111113113
3
113331
313
33113313311
13131311331
11331133
333133
3
3113333331
3
33113
3133313133
1313
3131313
31111131
1311
111113133
331333
13
1313333
3133131111
313111331
13133
313333133
3133133
3
13
131331
333313131
13111131
1333
11131113
1
1333333133
31113
111131333
111
13
313
111
333313
13333311
33313113
311311
33331313
33313131
31333313333
333111313
11
111
13113331311
11333
333133
311
1311313113
13
131333
1133
331
11111
333331313
1333113
3311113
33331133313
111
31311
3113111
1333
133
13331
313
1313113313
131133111
31111
3133
1331313
3313311
113333133
333113
331113
3
13313331313
1133113
31311313313
31111
3331
3331333313
1
1
3311131111
3333
111
3311
13333
1111
133
31
3
1
1333113313
33
3331131311
33313111
3333131
333131133
1111331
3
1333111113
3
333311311
33113333331
313111
3313133313
31
333311131
3333333313
3331
1333
11331111
33311313
131
133
33113311
311331
111313331
1111
131113
1113
3
13133
31313333333
1111331
331131
1311313331
31
133133
11333
331
331
1311131
3111311
113
11333
1131333
313131131
111133131
13311
33
133113
133333
31131
3111111131
1311
311
1
133333
133131
313313
1331
1
11113333
133331
111331
111
133333
3311111
1111
113331
3
1333111133
3
331131113
1311
13311133
33311
1311331333
1131333
11333131
311
3131333
3133
3
11111313
3331
31133113
311133
131111111
331333331
131111133
11111
311
1311331
313333313
33133113
3
31131111113
1113
131311331
13113111
3113
31
33113
13311
33113333333
31113113313
31111113
31
1
3
311
111113313
33
333311
3113131331
11113
3313131333
3311113133
111
1113331
313
3113
33333131
1313313113
13131313
1
331
31
31111
133131333
133
133
11313313133
13333133
13111313133
1111
313
1111311
31
1331111
33113
1
1133133
333
13311333
31111111
111
33333
111313311
3333
131
1311331
131131111
13
1111111
113
11331313311
3313333
133
333133
331331313
1313131
313133
331113131
1111331311
3111
13133313311
31131131113
1131
13
3311113
33311311
3
1331333113
11111133313
1311311113
13333331331
1133331133
1311
1311
33
11
113
13333113333
13333313
31313113
13331131
1
11133111131
13333313333
333131
3113313113
133
11311
33311113
1313
13
11111333
3133311
33
31313
333133133
31111113
11333133333
11113
33331331
11333331133
111
13
311
33331311313
313
113311
313
3
333131
1133313
13
1313113
11111
3
11331113
133
1
131131311
31131331133
3
313313333
31313311
13131113
1311333331
133111
3
33313131
13333313
111113
13111
31313
3
1333
113313311
3111113
3313111111
13311331
311311
1
113313113
3
3311
331311313
11313331
11111333
1
133113133
13
333133131
31131331
133131313
1
13111131
13
11
3311311
311
3333333
333333313
1333313311
13313131333
13131
3331113333
31
133333331
1
1111333
3113331111
113
31311
1313111311
11133
33113133
33113
31131131
1
1
33111
3331
3113131
313111
1131
1
13311331111
1131133
3
33131133
313
113113313
1
3331113
1
13
331311333
311
1111
331333
111
3
1111
333333333
333
133
1311131331
31333111
3
31311
331
1
11311
113
3131111
1333133313
33131
31
313313333
13111131113
333131113
11113331113
11331333
1113113
3111313
11313113
3
3331
3113333
1
13113111131
31313
331
31111131333
3
333333313
1131333
13313
1313133131
11
1311
31
33133
3113
1111313
33
133133113
3311333111
1
13133113133
3133
1
31313113
333
13313331
1313
31
3
11
311
3
3133
13
333
311113313
131313
3113331333
1133111
331131
13131331131
13133131331
1313313
13111331
31311
333311133
31113
11311
3131111
331131333
13133313313
33313331
13111133
3133
1133331
1333331
311113111
3133333
131
3313131113
331111
1
31313131
133331331
33
13313
331
3313313
11133
111
1311133
3
3311113111
113313313
111331
1313311
133311313
11133331
1331
3131
3331
113333
333131
3311333
311
3331131113
3311331
131113111
1
113
11113131311
311131
1311
33133333131
333
33333331
3111333
31333
31111
3
3
313
33
313333
3111331133
333113331
11
3131311
1111311
33
1113
111111311
131333
333
3131113333
33331131311
3311333
3313111
3311
3133331
31131
11
33
311
33
13131
13311
3131111
333331333
13
133131131
31133
131333
313
113311131
3331131113
13331
113
1333113311
3311
1131
3331
3113131
11
13313333
31311333
331
13333331133
3331
11131111
1331333113
131311
333
3
111311
13131113131
111
1313111131
111
33311
131131111
131
1111331331
131133313
1131
311311
313111
13
331313
11
113
3111113311
1331131333
31
31333113
11313313
3
13
11131
1
3131333333
1311131
3131333131
331
113331113
1
113333
111333331
11
131
11
31
11331311
3111133
133
3131113
133311333
1111111
11331113
1311
33311133
133133
1133331313
131133
333111
3131333311
311
31
31111333
31113131
133
311
3133
1111133333
13311311113
113313
333313331
111333313
133313331
13331
13
31331313
1311113
311311
11331113
11331131311
111311
3333311
3333331113
1133133333
11
333113331
133131311
33
113
331
333331
1
11131331
1
133133
111
33113113
31311
111131
3311311331
3133
31133
311
11313133
11333
1133
111133
333331
13
333
31313
13
3333
333111311
11133131131
11333133111
11131111
3
333331
3331133313
1331
13333113
333
31111133
133131333
1131
331113
131133311
331133
13131
33
3
1111
13
311113
11311
31113133
33131
3
333331311
31
313
113333
3333331113
333311313
1
3133
111331113
131
13333311111
13133133
13111313
331
311311
1
1333111
1
31113
3
333
13133
3313
313313
13
13331
133131
33311
131131
1333
1133
33111111333
31333
13311111
1
331
1131133
3113
3113
3113111133
31133133
1131331
333133133
11
13111313
33111111
33
13311111
31131
311
3111
11
13333
13
3331311113
31311311311
1313
333
1113111313
1111331131
33133311
1331331
3313
333131333
33111133
11
311131
3131331
3
31
11331111
33333
1313
31331
13
1
1133133
31
13
11
1313331
3133133
1113
311
1
313
1311131
133
3111111313
113331
3113111
1313
33
333113333
333311
1111
33331111313
11133331
131
311333
11
11313311
1
333111
3111333113
111313
331331111
1111
11331333311
31
3311
311
11
1
133111111
311
31113111
313
331333133
13313311113
33333111333
1113
1133
3113313113
31131133311
3
333111131
11311131113
1
11313
31
13313111
1313
1311131331
1113131311
33333
11113111313
3313313113
133313333
333
33131
1333133
311
31313131
131313
33311131311
1311331
331133
131311111
131133
1333133
13331
33
11311331113
31
131113313
333131
331
11
3133333313
131
1133331333
3
333131
131331
3
13331113
11113333131
1
33113331313
1333
33333131
1
33331
33
3313131
131
331133
11113
33111333333
31111333133
3331311
3133311
3331133131
31313113113
133311133
11
3
1131333
3311311113
113133
3331
33
313111
113
1331131133
31111133
111
1133311
33
13
11133133331
11
313
111111
3311313331
113313331
331
3113
1111331
1311313133
13131
3313133133
133111
3
13331
11311133
311133
31331313331
11133333331
111133113
1311133
11
33
11313
11131111113
33313113131
33133333
311331131
13311131111
13
31
113313333
13333
33313
3
3333
1311131
11
311333131
31
11
33
33133131331
31111313
3133333
33
1331111311
3133113
111333
33
131331
3133
1131
31131
3111
333333111
313
333
3331311131
333311111
1131313313
331
33
33
1333333313
1311333333
11
3331
133313
1
33
3
1313131111
313113
33
11311
31311311331
3331
13
13
33331331
11
13111131
13131311133
11
3
31331113
13311311
13
1113
331113111
1
11331
3331133333
13
31313
1111111331
3113111331
133331
33331
311311
311111131
1113333311
31133113111
1
331333333
11333311113
131131
113311
33
1333131
31331133133
33111311
33311
131
11331311113
3133113111
31331333311
1131133113
3331311131
3131
1
1331
3113
311111331
13111133133
31
11113
333133333
3
13
31133111
1111
3313
1113331
1131331331
33313333
313113
1131311
333111113
11333
1311131
13
33
1313313
11313
313111113
1
1113311
1133311
13
1311311333
3313131
1133313
3113113133
333111
33331
33
33111131133
13331111
13
13
31313131
33311111331
113
133113111
113
3331333331
31
331113111
31331
3131
13311
31113
13131131
3313
333
1
13
33333313313
133131
331
33
33313111333
11331
3
11313
11133331311
3331133
3331
3113
33133311311
331
111313113
33131311
3333
3133
3331311131
11113
1
33331131133
1131113
3313311
31133
133331
113
3333
31131311
311133111
111
133131
31
331331
31333113113
11
1333131131
333311333
3333331
31
13
113
3311
3313131
111133131
3
113113133
111131
131131313
13113
3133111113
313
113131
333313
113131111
1333111111
31313133
1
133
3331113
33311313
11
31313
133331311
11
133131111
1131331
3333111313
133113313
13
113313331
1331133
1131113113
31113
11331
133
3113111
31
313113
11111333
311111133
3
333313311
1331313
33333313
33313111133
311111111
1333113311
3331331
13333131131
331331
1331111133
31
13311313
3313133131
1331313
331111113
131333
313
3311113311
31
1131
11313131331
1
1
3
1131311
13133
31
31331331311
13
111331
33
11
11
3
11331311311
13
1113311313
1333131311
31
333111113
1313
31113333
1333113131
311
3
31111
11
1
133311
31333
31
3133333
31131131
1311333111
3331
1
13313
31133133
31313113331
3313113133
3333
11331333
331133
333331
13311
3
1
331113
3133111
13133311111
311
331
31111331
131333
3
3
31111133131
31
13
1331333
111
1
31131
1131
11111333333
1113133
33313131
3111111
3311113
11313331133
131131133
31333
1111
313333331
313333
3
31333133
311313
11331
113111
33331111311
1131331
3333
1111
333113
13313113
3133313
33333331133
1311
3
333113
133311133
13311
1111133
1331
11333131113
113113133
3113
3133
3111311
11
31133311333
331333
1113133333
11311131113
113131
333113331
131331
31311
111
113
3
131133
31
13311113133
333133333
1113313313
33
11313131111
31131331
1131311113
11333
331
11133111
11
1131311
111
3333113313
3313
1
3113
3333
13333113131
113311131
31
131
13
31313
1331
1333311111
13133131
131
1133
33
13313313313
313333
31111131333
3113331
11313333
13133
3
13133313
131
31
31113331
3333113111
13133
1
3131331113
1133
1
3111
133313
3111
311
1
1
1311
11311113
3333
33131
33
33113
1111111
13111331113
13331131113
13311
3
331133
33333
133
1131311
33131333
31331133113
33331311
3113311111
13313133111
133113
113111
1331133313
31313311113
33113131113
1311
33113
311
13131333
3131133113
3313
3113
3331113131
3133313
111
1313311133
33333133
31113133131
31311313113
313
3133113313
11113
311111113
131
113
33313133
3311111111
331311333
1
1
13333131133
33
11331111
3313313
31311131311
3333113
111
3133113111
333313
333113
1
31333
1111311113
1333331
333131133
11
3131
31333
131
13331113111
311
3131311131
333131
1111
1131311331
33313111
31111
1313113
13111
3331131
31111313
11331331
111113331
11
3113333113
3
1
1331331331
33133331
133113131
11
31
313113311
33331133131
1113111
33313311311
3
131331133
131131331
33331331
311
113313133
33311111131
333131131
31113
311331311
111
113311
1133
33311311111
1311
1331
1133333
1
11313
13331311
313333
313131311
1
33331111
111113
3113333131
13131311
31333333
113111311
3113133
1
1113331313
1
1333133133
1313
1
113313
33111
1333311
313133
33
1113133
1331333133
331311333
11111
13333111313
3
1131
31
1333313
11133131131
1311331331
31113
1311333
13
333113111
3331
3133131133
333113133
1313111113
131
11111
33133333113
1111311
113
11311333
1133
1111111
33331
13313133311
1331331331
1113313113
11131
113131
1113
1333331
133
31133133131
3113313331
1331
1333331
3111311
3111133
311
3133
11311
311
333111111
311313
11333313
111311
31131
133133
33133
111
11133133333
33313
3131331111
11331111
131
13333113
33313
31331
11
311333
113313
33313
133111
13131
1333333
33131113313
33
1
1331
3111
3111
1
11313131
1311113311
1133131
113111
113111
111311311
3333133
331133
1111
133
1333333
33
3
3111113
1311
133313131
111331
333333313
13113
333
311
1111313
31113111
13
1313133331
113
133313
1
3133311333
31
3111
33131
1
13113131
1
3
313111
3111
1333333133
33333
1131331
33
331
13131313
3
1313
13113
11311331111
311313333
3133133333
333131
3
311
113333
13133311311
33
13133
1
1113
11111113311
111131133
13
1313
33
33333111131
31113
3
313133
311
3331311
1333313
3111313331
1113311331
133311
33
3
113311311
3313131
3
3133131333
1
3313
13133
1311331
31133311111
311133
3131313331
1113331
31
131
3131113331
1331
31311
1113111
13331333313
113
1333331131
1131113313
31311331
33111311
133113133
31
31331111
333111113
1131113333
3131
331113
3
3
11331
113
111333311
1311
1
1333331
31333331
133313111
1313
1113331133
11311
133113111
31311111
3111313
33333133113
13333
3313
3311113111
311
31333311
31
113333333
131333
3113
31113
33
13131311
111
331111313
1313
11313131
311113
11113133
13
133133133
31
333313311
3131131
1
111333
11333113111
11
11113
33311
333131333
3133333331
11311111113
3
331
33331
1111313
3113313311
3113
111331
11
1133311
3331133
3331331333
33113
1311331
311
31313313331
3311111
31111
1331311331
33113311
1131113313
111
33311
331333131
3131333111
1113333
3131
13113
3131
1131
3313
13133331
113
11
311
31111
111331113
3333331
31131133331
31333311333
133113113
3
313
33313
3313333133
331111
131333313
11133131
131313311
113
131311131
3113
31313
11331
3113133131
31311
1331133
31111313333
13
11133333331
333
3333313131
33313331311
333111333
1311113311
1133311313
31
311113133
3331131
113311313
3311333313
31113
13313311313
33113131
31333331111
33113333111
11
13
111
131331311
311
3
3133333
111131
3331331331
1
13133113333
33313
33
1131311313
11131113313
313331111
313131113
1311311113
1
3311
3131311
1313331333
331131133
3133311
11333131
13313
331333311
33331111
33113333131
1
313133
1
331
1111331133
11113331311
3111311
1131311
3113
333133
333333
1333
3131311
1
11333311
133313
1131111
133113313
3111111313
33131131131
1311113
31131331
131
3333331
11
31131133
13131
13111
3
313
13
313333331
33111
131131333
31113331313
33
1311311
31331
11
111313331
3333113131
3333131
3111131113
1133
3131
3331111111
11
1331311331
333131113
33333
1
1
133131
1333111113
11331113333
33313111133
3
1
131113113
33311
333333313
1131131
3113
11333131
331
11
3311131333
3
13
11331131311
3111331
131313
133
3331111131
333
11311
311131113
31111111
13311311111
133
13131313113
1
133133
33131333
33111333133
11313111313
113311133
31133111
11333333
3113333333
1
111331
1111331
133113
3111311
111
31331331111
1111111
11311313111
1
113333
31133133
1
3
333
13111
13331111
313111
331111
33
1313111
313111
1333
113113
33133311
1
11331313
3133131
3131331
11
11
1111111
13333313133
31133131113
113
1311113
3333
113
13
3
1313
333131
331111
3331133
13313
3131
3133131
33331111133
31
1333133113
3311
13
33131133
11113
331
3133
33
3
33113113
1331313133
1
33
313311133
13331
1333331
13311
1
3
3331
1313
3311333
13
111333
311133131
3311311
31113111133
11
11
13311131
11311331
3
331
3111313331
1311133333
131
33333
131
33
313333331
11331131113
333131131
3311
33313333
11113331133
331
133131311
1333
3333111
13
13313
1133311
11133111333
311
1113
3133311
1331
13111333
33113111
3
1133313
11113133
11
3333113
311
3331
1111311333
11333
31111133
113
1
111331313
1
31313
1
31111
3
13331
1333
1111
133311
3131333111
311333331
31133113
111313331
1311131
13
313131133
31131111131
31311
331131111
311
131131
3311
3113
333113131
1133113133
11331133
11
313
31
133313113
311113111
111331313
331
33333311
113
31
1
3113333113
33313
3
13331313313
31313113333
11131333131
11
31
113111113
333133
113331
31333113133
313131331
11333113
331111131
331313111
33131311333
1
3113333113
11113331313
133331333
31313
1331
33111
131133131
133133
331113131
13133333113
33111
3133
333
313311
3311313111
1111113
3111333
1333
3
31111111
3313331331
331111333
31133
33331
3311333311
3
33111131
1313331
13
131331
33111311
11131331
3113
333311331
11131331
313
33311331113
1
311311131
11
3131
331311
111331
311311
133331311
3311
1331133
313
33311133331
11331131
11331131
11111113311
11
31133133113
11
3131131311
1
33113111133
3131113333
111
13
11313113111
1
13
33311
3111113311
13311311
33113
11311
33133
111
13
3333331133
1
333131
11111113333
13331
333
3111
1313311
113131
3113
1333
11111331
1331313111
3131331
111111
33333111
31311131
1133133
3333111333
311
133
3133131133
1
33333
1131
31113333311
33111313131
1111111311
311131333
3113
3311311
3133133313
33111111
1311111
3111333311
31113313
13
113131
13333111331
11113
131113131
11313131111
333333331
11313333131
13
31331113
33
11131111
1131331313
1113
311131333
33313311
331333
131333331
13133111133
33313111113
311
113131331
313311
33313
1313
111111111
31311
311
33131313
33131
11311131331
311
33331
331131
3113
1313331333
31113313113
3331133331
133111
3
1333311
1
13
333113311
33133111
3131131
31331
11131
1
333133
3333113113
11111331
31113
13333
331333333
33311131
13311311
1333131
1113
1311
3
313133331
31
133
3
1
33131333
1
133311113
11
3313
11133311131
113131
11113111313
11
131133
3
13311
1131111
33311113
33
113
13133311
3111333113
11313311313
3113
13113111333
13113
11313
333331
13311
13
31333311111
1
33313113131
111
3331
13331331333
113
1331311
131111311
3133
113
33111331131
13113333333
11
1111
113
3
11111131113
311131111
331331333
3333
1311313
1133133311
31113331
1311131
313311
13111113
113333
11113331133
3313
133
31331111111
1133313131
31311
33131
111111
311131
11
1
3
33331
3313333333
1
131
3113111
333333
31
13111
331311
3113
13113331333
311
1
33333311
11133313131
13
3113111313
3313131113
11
113133
113113313
3113133131
1131
11311
11313
31111
3131111111
11131133
331333
3113311
33
33311313311
11133
113
111
3111133
3331
1133333
131113313
3313
333111
3131113
1311313131
13
13
3113
111311
31311
13311
3133113
13313333131
3111113
13333331
13131111331
131131
33311331111
13331111331
3333333133
3113113333
13
1
113331
333111311
13
333
1113
3133311313
113
331
11133333
31111
3311
333331
31111113311
33111113
13333
11313
133111
11
313313331
33311
11
131331
33311313
111311
3
1133
333311
1113
1113313333
1311313331
33313331
3
331313
11
313111
13
311333131
13311333
33111
1331133133
331333313
13131111113
1333
31113333311
3331133133
31131313333
111331
313113
331331
3333111
33311331111
331113
333
111
133313
131131
11331131333
131133
11133113111
111311
1
333331113
1331
111111
111331131
333133111
1
13
33131111133
3313
111331
3
133
31113113
13111333
333113111
33333131131
33133313
31113113131
131
1
331113113
113113133
13331111133
13133131131
31
31111
331313131
33311131131
1331
3133
313
33
3
3111
133111
333313
31
1133
1313
33313
33
311133
1113113
131333111
131133
3311113111
33131
11
31313
13
31111313
13131
33111133
133
1113311
3113313
1331311
333313313
1
1113113
11
33331333
13311
331311
1331133
1113331111
3
13133
131333
311131
3131
333311111
3
1
1331
111333
13
3311111
1133
13313113311
33311
3333133331
13
1
3333
111133
331133331
133111313
333
331
3311
1311
31331
313111133
1331
113333133
11131
11
31133333131
31113111
3133333
33133
113
3111113133
3113
313
33311
13333
13
1331113
331
11133
131333
3113313
131133313
3331
1111
33
13331111
11133
31
13311
31113
11333131131
13111313
1311111
11311
31131333311
33113131
111313
13113133
33333
113
33133
1331133
331111133
311
131
1133133
331133
33133313113
13
1313311
33331113113
331
311333
313133131
333
13
11333
1331113
333333
1333
13331313
3111113133
31
1331311113
13113133313
3
31
1
3111
311
3
1331
1113313333
3311111313
31111331131
313133
31131
31333313333
133
11
1133
113131111
3131313333
3313
133
1
31311
11111
1133
31311131
3
133333
3
1131
11
33
113113113
1311313
313331
311111313
113
3133331
131
11
1113113
3333
31333
1
3
33333
31131
13
1131313131
11331133
133331
111
333313
11331
111133131
13
13113331113
1131131
33313331313
1313131
3331311131
131313
111111311
3113333313
333133331
1331
1331311
3331133
33331
13333113313
11111
1111311133
33311
1133331313
1
113133133
1
13131331111
3331
133131
11131
111331
11131
11313333
133133
311
13313
133333313
31
13133133331
33333331
133
31
1133
113131
113
11133133131
1113
3113
33133111
11
331113313
133113
1333
311311
1113
13113
13131
1113113
1313333
3313113
3333131
111113
31313
313
313
1333111
11
3113331
1
111331
3333113333
3331131
11313313
3311311313
3133313333
311
3331113131
313111113
133111
1133313333
1313333113
311
31
313333
311
31
33
1111
31113133333
11
311111
3
3131311
11
331313
33333313
1313
3
3113
3
3
333
113
311113313
313133113
11133
3331311313
131
31333
333
1133
113111133
11331
11133
333
333133
1331113311
1131
3
133313
11333
33333
11111133311
131
33133311333
1133
331113313
311
13
3
3111313
113311313
331
1
3331311111
111131
1133111313
11313333331
311313133
13
33131331133
1
3333
311331133
11
3111311131
13331
13
31131
1131133
31131131111
131313311
1313311
1333333
13311331
3
131
33131133
3131
113333
31113113111
13
13131
11131311
1333333
13111113331
3
131
311331113
313333
331
13311
33111111331
11
3311111313
31133313133
31331
3331331
311111113
113133
13133131331
11
11111311311
1
3333311333
3313313
331
31311313331
1
131333111
133313
33133111
313
133
333333331
3131
1333333133
331113333
311313133
31313333
1
3333
13333133
313113
13
111311
313133313
111
133133
31331131
33113133
1133133
13133
333
31333113
13313331313
333113
333
3
133
131311331
3131
13113111313
111133
1
33333131
31131
3131
1333311111
311131
333331
131333311
3111331
31
1
3
11
31333
11
333113111
3313111331
3
33111113
3111311
1
313
331
13131311
1111111
131131333
1
131331
1
3313
331331111
1333
3
31113
33
13113
333313313
11133331333
3333113
3311111
3313
1113313
11131331
13
1113131333
3311333131
1133
13
133113311
3133
1113133
3331313311
3
113133
1111111
3311331133
13131131113
333333
31331111
13113133
1313111
331333311
1311311
31111
133133113
31
3113
33113331
33113333
331
1
113111
13113313331
33133111111
113133133
31133331
13131133133
3113313
3
3313
3113
13
13333331133
13311
333
311133113
311333
111113
1333111
3
1
31311
31313313
133131333
3
13333313311
1333331113
11333111333
1
113
131333311
1331313
13
33
33333
1111
3113
313
1
11
331
13
13331
3113
13313333111
133131331
33
13311
13111
11111113311
11313333111
3133
13313313
33131
313
3113
13311
31111311
1
11313
11
313113
3313313333
313
11113133313
3331131313
31133111111
3331113
31131311
3333311313
333
1333
11
3
3313331
13311133311
13131
113
1
1111
11111
111
113
1131111
33333333311
113113313
333
3
1313
3311131131
331113131
13111
31
13311
31131313313
31331
3111133111
11313
113
3
11113333
313331333
133
13311111
11
1113
13131331
1
33113313113
3
13131331311
3
1
11331111113
313133
31
31111
1313
313113
313113
313333131
3131113
11311331313
111
33
113113313
13
111
13
33
31131133133
311113133
3
331
1113
1311131
133333
131333113
13313331331
133311
33113
11113333
31
11111
1
13
133331131
1113
313
3331333
1
1133
131
111111113
3131
3111333
31331131333
1331333
33
133331131
13333111
3113131333
11133313
113
111113
3331
333111113
3133333133
33111311113
3331313133
11311131131
31131113131
11331131
1133
13
13111111
3111111
311133331
313131331
133333
111331313
333
131311
133111
31331333313
311131333
1
131133
131133313
111111
11311331111
33111
3333
1313
131333
33133133333
3311113
3333
3331311113
33
113
3113111
11131333
131133311
3133313311
3131333
1313
13313311
33333113133
3133
31331113
31111
3131133
111133
11333333
3333
331
1313113
1313111133
3311
313133
311131313
1131133
313
33131
1
131133
131
3
333
13331
131333
1311133
31333311
133113111
33
11311
31111331
31
13313113
31131
3131333131
3
3133313313
3331
31313
31331
33313133
1
13111313311
11113113311
3111111133
1113333131
3331111
33
31131313311
333311
331
3313
331131333
33133311
113331
33311131113
1133331111
331
111
333311
1133131313
1113131
11311111
11111111
13133
3131
3331111111
1111311331
3111
1331313
1331311311
3113331
313
31133111311
31331331333
131333113
331133
333
11
13133313
1333
13331
333331
11
1
31113133313
333113
1333
31
31313
133111333
1
333333
11133113311
131
31111
3111333133
3113
33331311
313113
33311133
113113331
3113133331
1313333
111331333
3
33311333131
1311111113
13133111
1
31333311133
33333313313
3133333331
11
1133
1
1111133111
133111333
333133333
33131331331
13113331113
13111113
1333111
1
33
3131331
33333
33
331111113
313331333
3331333
113
33133111
311131
13113
1111131
1131333331
1133311
11311311133
13311
311
1113331
313311131
1311
133
1311311313
313331313
133
13
313331331
1
131313
11133
3113
3
1131
3
3133313
11
3131
13111131
31313133311
1131
131331131
13
313111
3131111331
13
31131111
13333113
1131133313
33
1311311113
1111331
31311
131
311111131
3
13313113
311
11131113
331311313
311311
33133133
131
33131331
11111
131311
33
13333113
331
3
1331131
3333
31333133
3113313
3111113331
31111331313
1
1311133111
131111311
1311
3333
1131111311
331331
3331131
11
3133
31133133333
131
13
3311
13331
111
3333
11
313313311
3333
1133
33313133333
1
3131
1
13133
113333
11
3
1
1131
3111111
111313131
313
13
3311113111
1133131111
313
3
3111
111111
11313131
3313
11313
1331
111113
1
13131133113
11333333
33
33313313313
11131311
333111
333311333
11
333
3131131333
33131311
33133313
3113113311
331
331131313
133113
13111311311
1113311313
13133
111113
3311
11131313
3331311131
331
1113311
111
1111133
13
1131313
1313111111
3133
3133
111113311
33311311131
33311331
1111131333
331313311
133
3313313133
13313
31111
33313131
31313111331
11113113
313
311111
3
1
3
133111
1111111311
31
13131331311
31133131131
1113
33113311
1
3
3
1
1
3
133
13
13131133133
331311111
31
33131133
333113111
3133333333
31133331113
11
311133
13331313
3331111311
11
311311311
1113113131
11
33333311
11
13133133
3313
313311
33
331
111131
11113
33
113311
1331113313
33313333133
13
1
11113
3111313131
1
133111
1131
3
3113313333
3
31331111133
33311331313
3113331
333
3333133311
11333313333
131113311
33
1111313331
11333
3
1
31111
31311
13
111
111113
33
31333313113
13331
313313
11133311
1311111331
111
311333331
33133331
333311131
31311131
11133333113
11133
31333333
3113
13131311
13
11333331131
113311
13131
1111111131
1333131333
331
3133
3
13
1
313
1313
311
31
31113333
1
31113
113311131
1133313331
11
131331331
1133
311333
313
13311331111
1
1113
13
11333
313
1131
1
113
1313111
31
33313131
31
311
111131111
11311
3333313
3111111111
31131311111
1333
3113113
13131111313
13111113331
113133
31311
33331333333
13133333111
3111111
33
3133131
33
11311311331
3331133311
313131333
131
3131313133
133331133
1
1131
111
13333133
1
3311333
3
3331311313
1133131
31311
13133111311
1313
13333111313
133131331
31311
13
1131131111
11131
133131
1333331133
331331331
333313333
1113133
1
11113311
1
13
31
13133133
1111311311
1113
1
1311
11133313331
1
1131333313
331313311
333331333
33
111331
13
131
11331333131
131
113131111
1131131331
1313
31313313
1331131111
11133131311
1311133
3113113313
13331113
33331
313
31
333
111311
3133111
313311
331313
331133
33331
11333
113331133
33
133313113
11133
13
3131331133
13311
3111
1113
1131333311
3
13331331311
131311
1333113
111
33113111311
13131
11331133333
1113
3
3313
133333
31
3131
1113
333111
111133
113313133
31
311
33331111111
133113133
133111331
1
1111113
1313311
113131
3311313
1333111113
3131
31133111
13331133113
1
131
133113
113131
13
11331
311
11331331
1333
1113
1
111311
133
3333113331
11313113313
33113
3311131311
331
111113311
3313133333
113313133
331
33131113311
33113111
13
3131333
1331111
1133333311
3
3313113313
331331
311133313
131311111
3131111331
1111133
3
1133131
33311311
331333
33333111133
13133333
3113331
1
13
313
131131331
13113
313
11113331
11131113333
31113133
311313
13
1
31131
3113313
131
13
111311311
31133313331
111313313
13333133311
33
3
1111111
31333331
1333111
33313333
3
113
111
31
111
1131313
311111
11331311
31333313
3331133
333313
1113111
333131333
131313
3111311
131
31131111333
333133333
33
33
13111
3113
3131313
1
33131333
13
133
13133
333
331333131
133113111
33331131
1133113
3133
3
3313313
31111311313
331111
13333131333
33131331133
11333
33311113331
3313111
1
33133111133
3313133331
313311333
131131
313133111
3133331
13131333333
313313113
313331
1313113
33131311
31113331
13111111311
311331131
31333
11313113
1111
3313133
33113133133
3
1
111111
3
311133
11
1113131
1111131
31331
3313
131331113
1313113311
13333313
133333
33111113
11311333
1
11111333
1331
11313
331311
331
311
331113333
3
111133113
3333311
3
113133
11331331113
13133313
33133111311
333311313
11133133311
131133131
13113
1113
31
31
1131111133
131131
113
311
113
1333
311131113
11333311
11
1133
3113
1
3331331
33313313311
33
31133
33331313113
3311113113
33311
31113333
1
1313331
33331311111
1111333
3133311
31
1
33113111111
3111113
11
13133333
111311
33331131111
11313
33311311
331313
331311311
11313131
311
13
1131313
33113131
11113
1
11
113
11333131
33331313313
113
133
31333111
31113113
3113313133
31
33133133333
1313331313
3333
133113
33113311331
31
1
111
1
31111133
33111111
3
1
1331
333111131
1
133
31111
33113333
31131
13111113113
131
13111
3331331
31311313113
11111131
331111311
311
33113133333
313
11113331333
1313113
1
3311331133
333
1
313
13133113
11
1331
3
1311
313
11113133
31313311113
31111331
33313
133311113
33331131131
131313331
13333331
13
11
3131331
1313333313
31313331131
1311
1111
13133331
1113331133
133333
33313133
11313111
1
3331113333
1
311333313
1111111
313313331
3111313
31
3313331331
3113331133
13313113
313111
333133
1113111311
1311
33
1
311133311
331131111
3333311331
113113313
31131
1131
1133
313
3313
11333111
1131111
11331113131
11313113
1
313
133131311
1111131
33333313333
1331
11
11331
333331
313111
1
3131131111
1331113111
3113
1
1133333
31133131
3313
11111
11331113
3
13
3111
311333333
3
31311
11113133
11
33131
133311
3111331331
31111113
11311
33131311
331111
3113111331
11313113
13131
3131
1131331
31133311113
1131
1311331
113
131
31131131133
133
13311311
3111131133
11313111
3333
333313
1
31333313
11331333313
1
311331333
313111313
13333
11111111
13331
131131
133133313
111111
311
1131333
113313131
111113111
3113
13131333133
3131
3133
31333311
1313
33
31113
3313131331
131131131
333113
1111
1
1133311
3313311
133
3113133
33333
1
33111133133
1313331
1313331111
33313
33331133
31131
3131331133
313
33331
333
11111
313331
313
331333
1333
113113131
1313
3311133311
1131311111
331311
3
31331113
313333133
1
13331
3111313113
11111
333
333311131
1111
33131333333
3
3
313113333
3133311313
3133331311
333311
33
331331133
33111
111133313
3111113
3333
1131331
31333311
33113113331
111
11133333113
3
3113
31
13313133
3131313111
131331311
1111
31113311
31311331
113
331113
1131133313
333331
1
311
3313
3333
33311331
11111313113
311113331
33133133333
31
33331311311
31
1333
13
11
3313111131
133133
3
113331
1113
1131131311
3311111111
1311113333
133
13111
313313
3
13313
1
3331
3113
13331113113
1313
1331
3113313133
31331131131
3133311331
1
1
331
1133333
3113311331
1133
1
133
33313131
31313311113
11131
3313
1113113133
31333331
13133313
33111
11113311
33111
111133
311
11313
13131
3331
313
3311111
1331133331
1133113
1331111
1
33311
1333113111
1311
133
3331113
11
13311331131
113
11
31
111331
3
131133333
313131
33
3313
33111113111
313133331
111
3
333113313
11
1131331
13313313311
33111
331
333333
3133331333
3111311311
331133313
11
3311311
1133
31331131113
1
11313331
311
331
31111
3
13
1331333
11313311111
31
3133331131
1313113311
3133131
1313
1131
3311133
113131
33
1311113
11
11311313113
3313331
1331131
11311111
13131313311
133113133
3311
113331311
131133
113
3313
3
13111
331331
31313131111
31331333333
11333333313
3133133311
113
3
31133133311
3313113131
11113333
1
1333
13
11113
11311
1131313
333
331333
3
311
113111
13133
31
1313313
1133
333313311
3
13133113131
133311311
31133
11133313
11
1111333133
33313
3333113311
313313311
11113333
111311
3
333133
3
33313313133
1
131
333311
33313131331
331311
331331133
3313
1131113113
1
13311133111
3
1
33331
313
11131113
13133
1
31313
3133331311
31133
3311111331
33133313
11311111
3111313
313311
131133331
311
13313
33131111
1331333
133
131
33331
3331131
1
331111313
1331313113
31131331333
111131311
3
1
3111333
1
3
111331331
1331
131
1113131333
13333131313
311333333
111313311
33113
311113313
31311
313311
133313
111131
1111
33133311111
13333133
33113
131113111
11311311133
131
11331131133
3
331133
33111313
1133333133
333313
31
31331133
1331133133
31
3
31111331133
11113313
1313333
113111333
11
11113313313
113133133
1
131333
131111
133333133
113
331313111
1331133111
3331333
11133
3133113331
133133311
3331
3111311331
31133113
3
3313
11
31111
1313
31333333131
31113131131
31111
11133313311
133
1133
3133333
1311333
113
333111
33313331
3133
3311111313
31
313131
1113
33111331
31111313333
13111311
33333311
133111313
31331311
11113331
1131331333
133313
3
3133
3113113
133333
131313331
13111
31
113313111
313131113
31111133
3111
11
1
11313
311131331
131331
31
313
3311131331
311111131
11111
3333
331
31111131113
113133131
131133331
1131113311
31133
11113
1313133331
1113
33313333
3331111311
13
333313131
113111333
31313113131
3333331333
131
1333333
33313131
13133331131
31313
331
13311131
111333
3
331
3331113133
113131
3113
3311331313
11311131
333333
33
113111
1333113311
31333
13311113133
33
111113
131131
31311311333
33311111
331
313111333
3313
3131111113
31333
333131
3
111
13
31111
1313331
111313
3
33131
311311
133
111331
3333113131
331133113
3133
31133311
31133113333
13131
3131331333
3111133
1
333333133
1311311131
111113
13131
11
131131113
13311111111
1
331
11113111131
331
333133
31
33
311
131
3131
11133
11333133311
3111131
1113313331
311331
33
3331
3113313
33
1131
3111
113111331
1313
111131113
3133
31
1
13333331313
3331311131
133
31
313
1333
1111
333
31311133
3
33113311133
31313111
131133
111113
3113131
31
31
3133333
33
33
31111
3
11131311
11
331333113
1
13313
3311133333
1
1313313333
331
3133
331113
3113
331
3
31131331333
333
33131133
311311
111
1333
13131333
13311331
11
33133
313131111
3311
31113
1331313
1331333
311133131
3111
113
331333
11131131133
13
11113
111311333
3113
111333
13113311
331
3131331313
133
333
1133333311
33311
111133113
31311
3313133
1113
11311
333113
1311
33311
133
313111113
1311133333
33333331
1333
31113111
13
313311133
33333111111
1111111
3111
1131113331
3
133
333333
33
33
1313313131
3113331
131
311
3131
11111
13
311
1311111
333
31111
131131331
31
3311131
131
1111
31
33331131
313333
13
11
311
11111133333
1111333113
11313311
331
331
33333133333
13111331
131
3
1331111
111
3313131113
1113333
3113113
13333311331
333313
31133133111
111133131
113331333
331333
33
11131
1133333111
131131
131133133
131
33131
33313333
31
1113313333
111
1313
33311131
3133133
1113111
313311133
3313133
331131131
31
31111133331
331311131
33113113
3313111
111
333
13133111
3
331
111313
33133331133
1
3
331
133
33313113
11313
113131313
11331
13
1313
1313311
1313333
13
1
3113
31311
31131113
11311113
113311331
3
33331
111133
331
1111
331
11313131133
31113331
3
333311311
3111
111111111
31333
11131111311
11331331
31113131313
3133
31331
33131331
31131
33
1133311
331313133
111311331
1333311111
333
3
113331311
3311
131
3111133311
11
1
11311313
1131333333
133
311
113111
13331
11333311
1131111111
333311
3
1131113
333
333
311
131
13313111
3131113331
1
11113
3111331
1
331311313
33113
1333113
13331
3313113
11311313313
3
3333111
1131333333
13333
3313331111
11111
3111313
13111
313131
31331
331111113
3331
3311331
3333111
33133133
1
1
3111
13113
113113
3111313
331113
131111331
333311111
3
1
13311311
3333113311
311113
31111113133
313113331
131
313131
33333
3131313113
3313111133
13331133113
13313331311
3113333331
31131111
33313
1111133
1111131
33
1331311
31
33113131313
13311133
3131333133
13
113133333
3113331
133
1133131331
313111113
33313111331
333
3
13131331131
33131331
1
33333
1131111
111313
11113
13311
333313111
1131
113313
1313
331131
1131133131
3
11
3113311311
133333
333331
33111
313
333133
31333
3113
333333
3
133
1331113
113331133
1313111
111
31311333
31
3333111
3
133113313
11111
1331113
33333
13131333
13133133111
1133313111
31133
131333331
1111311
31
31
111333111
3331331311
31333133113
1
113113313
3111133333
331
3
3
3113313133
3111113111
33
3
3333133313
131113113
33
113311311
3133131
333311311
1311113
1111113
331311
33
1331333
33331131
1133311311
13311113133
3113113311
3
3313313333
133131311
331111113
33131313113
311111111
311311131
1313
3113
3133
33
133333
33331133
13
3331
31113313333
11133333111
3
13313313
1333
111111
3333113331
13311131113
11131131131
3111
1311
111311111
11
11331133
31311
111133
331
3
33111331311
3133131331
11
1
33313
13133333
131113
3113331333
1
3311311
333133
31113
313
33333
33331333331
11
313333
3331
11333131311
33
1313131311
131133
11333111
13311133111
1111313
33113
33
333311313
13133131333
31
33311
13
331
3313131
3313331
313313333
31111133
1
113311133
13333331111
1
313113
1
1
311131
31
13333
31131111113
3313
1331
1131
13311313
111
1333
313311111
33
11313111
1
131
31
1111131331
11133111
1133113
3
111111
13311331
1
113
1111333
33
311331313
11
1113311
11
33311313
3
131313
1
33311313313
1331131
1331311
33131331
131133
1131333
1113
1313
33333333331
11131113113
311131313
3
11
31111113
13313
1133113311
1311331
3131331113
3331
313311313
331311111
31113333
33
33
33111333
1111
11311
13131313
31113131
1131111
11313331
13131
31111333131
1131133111
1111
31
1133131333
3311
1333
1311313111
113133313
3
3113311
13111111313
11131333
33331
1131
31131113
333333
111331
11331331131
3
331113
313
3111133
11133131133
11331333
131133
11131
13
1333113311
33311131313
1331133
313
111311331
31111313
13
1313333311
1331111131
13111333131
313
331131
113
31331133
31133131
133
33
3
31313131
31333331313
13113133
1133
13331
3311331133
11111
33
333
1313111311
333331133
331
1
133
313331311
1
1
131113
3131
313
33
1
113111131
31111
31311311113
3333111
111313313
31313333
13133
31
31113133111
331313
311331
111313333
31131131333
1331
1313113
3311133
3333131
113133331
3111
3313
313131331
11331111133
3333133331
113
33113313313
1133
133
1113
1311333131
33
13113
133
113131
33131311
33111131
33
111333313
31131133311
31111333111
3331
1111
313331
13
13
311111113
311
1333111
31331313131
313133313
1333333333
11
31313333113
313113133
311
3111131131
13331111133
31
1331313
13
3313331
113113331
1313133
113331
1313313
3331333331
113313
3133
31313131
3
1133313
13113313131
3
33
33
1
311133113
33133113
1
3331113
331
313
13113331
313311113
1113313
33313313111
11
131111331
331
1333
3131131131
31111
11333111133
1313313
13131331311
133333
311
313133
31
33
3111111
33133313131
1133313111
333333113
11131133133
13131133311
333
3
33133
31111131
3331113113
11
33133111313
131311
3131331
31131
3333333
111333333
3131131
111
1133311133
31111
1311111311
113
1131
1
13333313111
1
1311
333
31
311311113
33313
111331313
3
13133111
113333131
111331
33331311111
111133311
3133113111
333113113
1311
133
11131
331133
331
1131333
31311331311
1331333
13311113311
11113333131
3
11
313333331
11111
131113133
131
1313133313
13113131131
3133
13331313
31
1113113
33311
3131113331
331
333
333111333
3333311
331313
1111
333
33331
313
31133133
3311
1133311333
133
333313311
3333333313
33
131
1
1311313113
1113133
31113131
33311113133
113111
3311
13331
33133333
311111331
3333331
13
3111
33133133113
331
131
1111
3133
3
3331331133
131133131
11331
1111331133
3133113111
3
33331311
133333113
13113
1313313
31331331
133113333
131
1
331113311
133
111311333
1311313
31113
13131131
31
3333
31333331
31311333
331133133
11111
313111313
3
11313
1131
13
13313
133133331
13133333
1311131
31313
333111
1111133311
313313133
313113313
311313333
11133
1
3331111
3313333
33
1
33133313311
31133131
1113331
31
31313311311
3311331131
111111133
13
13331313113
331113
111111
3
11
1113133313
1131131131
3113313333
313311331
113
33333
1313111113
31311
3
11311133
1
1
111333
311113313
13
333311
333
13131
131111133
3311133
31
1331
3313
13
333311
331133
31313
33111313333
1
311333333
313111313
1131313
333133
333
1131313
3
133
113331133
111331131
1333131
1333311311
31113133
33
313111
11333
131
31111131
1113133333
333333131
3
1311333
33313
311
313331133
33131131
1311113331
33131331133
1311131313
1113
133333
311113333
3313113313
1131
1131111113
311111131
1313333
33131
1331311
1131133113
1133133
3111133313
333111
31131133131
3133111331
1
33133131111
313311113
1333133
331
13
3333113131
31
13311313
333331133
1311113111
33333313
113
31111
1111311111
1113
313133313
3313313311
131313
11133331
11133331
111
1133113333
3131131
313313
1331
1113
13131
13313
3313333111
111
333131133
31113
31313
1311111313
1331113
133
11333313
1131
133
333333
313
3
31
1311331333
3
111333311
111133113
11131
13331
11333113
1311
1
33
33111
333
31133113
13131311
33313133111
1133333
13113311111
33113
33
113111333
31
313313311
1133333
33
3
1111111331
3331
1331331
113
113313
13
131113111
11133133311
13
133
13333
31311311133
113
33
1313
3
113313333
33131331131
11331
1131
13131111
311333
3131
3111311
3
11313313113
31331111111
133131111
13
111131111
11311
33311
1111131
11113
3
13113
133311
1111
13
1331
133313113
111333
3333
33333
1131333
13111113331
3311
1113313
1133333333
1313311113
331
1113313
333313133
1
313311313
131113
111333311
3
113
31
333133
3133333
113
3311311
33131
1131311333
11333111113
331
33331311311
1311333313
1133311
1
1331333
3331311
3
331333
11331113
113333
333
31113333111
1311313313
3313131333
313
333
13111
1331313111
1133311133
3133333333
33
31111111
313313
311
311133311
111111111
31311
3113
331
31131111
111311133
133333111
1331313
13331
11
1
3
11331331331
13131
333
33
13311
1113
31131311
1311
31333131
311
1113
133113
13
11311
333131
31131111
133
11311
11
13131111
3
3113331
13333133133
31111111
313
331133113
331133131
3133133
13331333333
31331331
